date,name,code,pre_close,open,high,low,close,vol,amount
2021-09-09,华夏中证文娱传媒ETF,516190.SH,,,,,,,
2021-09-10,华夏中证文娱传媒ETF,516190.SH,,,,,,,
2021-09-16,华夏中证文娱传媒ETF,516190.SH,,,,,,,
2021-09-17,华夏中证文娱传媒ETF,516190.SH,0.997,0.991,0.994,0.977,0.989,87761799.0,86469848.0
2021-09-22,华夏中证文娱传媒ETF,516190.SH,0.989,0.987,0.987,0.973,0.978,33975199.0,33216993.0
2021-09-23,华夏中证文娱传媒ETF,516190.SH,0.978,0.978,0.994,0.978,0.989,43651400.0,43190829.0
2021-09-24,华夏中证文娱传媒ETF,516190.SH,0.989,0.989,1.006,0.989,0.994,11890500.0,11877975.0
2021-09-27,华夏中证文娱传媒ETF,516190.SH,0.994,0.994,0.998,0.98,0.981,1360400.0,1345628.0
2021-09-28,华夏中证文娱传媒ETF,516190.SH,0.981,0.976,0.98,0.97,0.979,1204400.0,1174480.0
2021-09-29,华夏中证文娱传媒ETF,516190.SH,0.979,0.979,0.979,0.95,0.95,2913800.0,2788193.0
2021-09-30,华夏中证文娱传媒ETF,516190.SH,0.95,0.952,0.973,0.951,0.969,1463800.0,1421946.0
2021-10-08,华夏中证文娱传媒ETF,516190.SH,0.969,0.97,1.004,0.97,1.003,3659200.0,3650070.0
2021-10-11,华夏中证文娱传媒ETF,516190.SH,1.003,1.006,1.008,0.996,0.998,5228629.0,5234545.0
2021-10-12,华夏中证文娱传媒ETF,516190.SH,0.998,0.998,0.998,0.973,0.978,1341000.0,1322257.0
2021-10-13,华夏中证文娱传媒ETF,516190.SH,0.978,0.985,0.992,0.977,0.99,673600.0,660997.0
2021-10-14,华夏中证文娱传媒ETF,516190.SH,0.99,0.985,0.994,0.985,0.993,1372905.0,1358656.0
2021-10-15,华夏中证文娱传媒ETF,516190.SH,0.993,0.992,0.992,0.983,0.987,1233000.0,1217811.0
2021-10-18,华夏中证文娱传媒ETF,516190.SH,0.987,0.98,0.98,0.965,0.969,277200.0,268127.0
2021-10-19,华夏中证文娱传媒ETF,516190.SH,0.969,0.97,0.978,0.969,0.974,127838.0,124620.0
2021-10-20,华夏中证文娱传媒ETF,516190.SH,0.974,0.981,0.981,0.967,0.967,4081200.0,3973932.0
2021-10-21,华夏中证文娱传媒ETF,516190.SH,0.967,0.966,0.969,0.962,0.962,668600.0,647577.0
2021-10-22,华夏中证文娱传媒ETF,516190.SH,0.962,0.971,0.98,0.969,0.978,1808900.0,1768274.0
2021-10-25,华夏中证文娱传媒ETF,516190.SH,0.978,0.969,0.969,0.962,0.968,365900.0,353432.0
2021-10-26,华夏中证文娱传媒ETF,516190.SH,0.968,0.965,0.966,0.961,0.961,399600.0,384944.0
2021-10-27,华夏中证文娱传媒ETF,516190.SH,0.961,0.955,0.955,0.945,0.948,632000.0,599525.0
2021-10-28,华夏中证文娱传媒ETF,516190.SH,0.948,0.949,0.949,0.939,0.947,1002800.0,949339.0
2021-10-29,华夏中证文娱传媒ETF,516190.SH,0.947,0.938,0.979,0.938,0.979,1204600.0,1171646.0
2021-11-01,华夏中证文娱传媒ETF,516190.SH,0.979,0.979,0.983,0.964,0.977,201300.0,195605.0
2021-11-02,华夏中证文娱传媒ETF,516190.SH,0.977,0.972,0.975,0.951,0.958,551300.0,535027.0
2021-11-03,华夏中证文娱传媒ETF,516190.SH,0.958,0.967,0.987,0.967,0.979,361700.0,353012.0
2021-11-04,华夏中证文娱传媒ETF,516190.SH,0.979,0.988,0.99,0.978,0.99,318200.0,313913.0
2021-11-05,华夏中证文娱传媒ETF,516190.SH,0.99,0.985,1.02,0.985,1.011,6971100.0,7079376.0
2021-11-08,华夏中证文娱传媒ETF,516190.SH,1.011,1.015,1.025,1.006,1.006,3141400.0,3195854.0
2021-11-09,华夏中证文娱传媒ETF,516190.SH,1.006,1.013,1.02,1.009,1.011,852700.0,865602.0
2021-11-10,华夏中证文娱传媒ETF,516190.SH,1.011,1.014,1.03,1.009,1.015,2313300.0,2358155.0
2021-11-11,华夏中证文娱传媒ETF,516190.SH,1.015,1.014,1.04,1.005,1.022,2942400.0,3022733.0
2021-11-12,华夏中证文娱传媒ETF,516190.SH,1.022,1.022,1.035,1.022,1.034,4200700.0,4336812.0
2021-11-15,华夏中证文娱传媒ETF,516190.SH,1.034,1.035,1.068,1.034,1.065,3875100.0,4089262.0
2021-11-16,华夏中证文娱传媒ETF,516190.SH,1.065,1.0659999999999998,1.086,1.06,1.065,1868500.0,1997968.0
2021-11-17,华夏中证文娱传媒ETF,516190.SH,1.065,1.069,1.083,1.069,1.079,1575800.0,1699156.0
2021-11-18,华夏中证文娱传媒ETF,516190.SH,1.079,1.079,1.079,1.042,1.043,981600.0,1040744.0
2021-11-19,华夏中证文娱传媒ETF,516190.SH,1.043,1.046,1.0590000000000002,1.043,1.0490000000000002,605200.0,635510.0
2021-11-22,华夏中证文娱传媒ETF,516190.SH,1.0490000000000002,1.0490000000000002,1.056,1.045,1.047,1272200.0,1335190.0
2021-11-23,华夏中证文娱传媒ETF,516190.SH,1.047,1.045,1.045,1.028,1.041,455200.0,471969.0
2021-11-24,华夏中证文娱传媒ETF,516190.SH,1.041,1.041,1.062,1.037,1.054,1284900.0,1344676.0
2021-11-25,华夏中证文娱传媒ETF,516190.SH,1.054,1.054,1.054,1.026,1.028,704200.0,730337.0
2021-11-26,华夏中证文娱传媒ETF,516190.SH,1.028,1.028,1.028,1.014,1.017,289000.0,294249.0
2021-11-29,华夏中证文娱传媒ETF,516190.SH,1.017,1.007,1.024,0.993,1.011,1739200.0,1738179.0
2021-11-30,华夏中证文娱传媒ETF,516190.SH,1.011,1.011,1.011,0.992,0.994,800700.0,801033.0
2021-12-01,华夏中证文娱传媒ETF,516190.SH,0.994,0.994,1.016,0.994,1.015,660500.0,665519.0
2021-12-02,华夏中证文娱传媒ETF,516190.SH,1.015,1.006,1.006,0.992,0.995,353500.0,353545.0
2021-12-03,华夏中证文娱传媒ETF,516190.SH,0.995,0.995,1.0,0.995,0.999,177900.0,177440.0
2021-12-06,华夏中证文娱传媒ETF,516190.SH,0.999,0.999,1.003,0.991,0.992,424000.0,422338.0
2021-12-07,华夏中证文娱传媒ETF,516190.SH,0.992,0.992,1.0,0.99,0.999,377700.0,376239.0
2021-12-08,华夏中证文娱传媒ETF,516190.SH,0.999,1.023,1.028,0.993,1.014,572400.0,573812.0
2021-12-09,华夏中证文娱传媒ETF,516190.SH,1.014,1.007,1.041,1.007,1.04,805700.0,829626.0
2021-12-10,华夏中证文娱传媒ETF,516190.SH,1.04,1.115,1.115,1.029,1.046,548200.0,571264.0
2021-12-13,华夏中证文娱传媒ETF,516190.SH,1.046,1.05,1.086,1.05,1.086,1130200.0,1217050.0
2021-12-14,华夏中证文娱传媒ETF,516190.SH,1.086,1.086,1.1,1.0759999999999998,1.08,8062600.0,8797663.0
2021-12-15,华夏中证文娱传媒ETF,516190.SH,1.08,1.079,1.094,1.063,1.086,7514600.0,8124831.0
2021-12-16,华夏中证文娱传媒ETF,516190.SH,1.086,1.093,1.111,1.079,1.11,2110400.0,2310948.0
2021-12-17,华夏中证文娱传媒ETF,516190.SH,1.11,1.11,1.11,1.09,1.1,1634900.0,1792816.0
2021-12-20,华夏中证文娱传媒ETF,516190.SH,1.1,1.091,1.097,1.058,1.058,777700.0,843547.0
2021-12-21,华夏中证文娱传媒ETF,516190.SH,1.058,1.057,1.083,1.057,1.078,835200.0,896953.0
2021-12-22,华夏中证文娱传媒ETF,516190.SH,1.078,1.079,1.112,1.079,1.104,1615200.0,1782320.0
2021-12-23,华夏中证文娱传媒ETF,516190.SH,1.104,1.093,1.112,1.092,1.096,406400.0,446784.0
2021-12-24,华夏中证文娱传媒ETF,516190.SH,1.096,1.095,1.105,1.084,1.097,412800.0,452386.0
2021-12-27,华夏中证文娱传媒ETF,516190.SH,1.097,1.092,1.092,1.072,1.08,914100.0,993478.0
2021-12-28,华夏中证文娱传媒ETF,516190.SH,1.08,1.086,1.096,1.083,1.089,273200.0,298180.0
2021-12-29,华夏中证文娱传媒ETF,516190.SH,1.089,1.116,1.116,1.07,1.072,262500.0,282542.0
2021-12-30,华夏中证文娱传媒ETF,516190.SH,1.072,1.079,1.113,1.079,1.112,2146200.0,2371482.0
2021-12-31,华夏中证文娱传媒ETF,516190.SH,1.112,1.112,1.132,1.108,1.132,970300.0,1086185.0
2022-01-04,华夏中证文娱传媒ETF,516190.SH,1.132,1.132,1.2,1.13,1.17,1555400.0,1788573.0
2022-01-05,华夏中证文娱传媒ETF,516190.SH,1.17,1.175,1.175,1.149,1.162,1396100.0,1623970.0
2022-01-06,华夏中证文娱传媒ETF,516190.SH,1.162,1.151,1.155,1.131,1.15,824200.0,942511.0
2022-01-07,华夏中证文娱传媒ETF,516190.SH,1.15,1.148,1.223,1.127,1.129,1252400.0,1459164.0
2022-01-10,华夏中证文娱传媒ETF,516190.SH,1.129,1.118,1.125,1.098,1.124,912700.0,1012734.0
2022-01-11,华夏中证文娱传媒ETF,516190.SH,1.124,1.126,1.126,1.089,1.097,1105100.0,1217215.0
2022-01-12,华夏中证文娱传媒ETF,516190.SH,1.097,1.103,1.115,1.096,1.11,526200.0,582950.0
2022-01-13,华夏中证文娱传媒ETF,516190.SH,1.11,1.11,1.11,1.085,1.085,549900.0,603808.0
2022-01-14,华夏中证文娱传媒ETF,516190.SH,1.085,1.075,1.099,1.073,1.087,951500.0,1037080.0
2022-01-17,华夏中证文娱传媒ETF,516190.SH,1.087,1.086,1.117,1.08,1.116,918700.0,1016464.0
2022-01-18,华夏中证文娱传媒ETF,516190.SH,1.116,1.117,1.117,1.091,1.094,719900.0,793094.0
2022-01-19,华夏中证文娱传媒ETF,516190.SH,1.094,1.104,1.119,1.097,1.101,867100.0,961120.0
2022-01-20,华夏中证文娱传媒ETF,516190.SH,1.101,1.097,1.101,1.075,1.08,878800.0,951589.0
2022-01-21,华夏中证文娱传媒ETF,516190.SH,1.08,1.09,1.112,1.058,1.0590000000000002,555800.0,597329.0
2022-01-24,华夏中证文娱传媒ETF,516190.SH,1.0590000000000002,1.0590000000000002,1.072,1.054,1.067,613183.0,651823.0
2022-01-25,华夏中证文娱传媒ETF,516190.SH,1.067,1.067,1.067,1.009,1.009,1553700.0,1605427.0
2022-01-26,华夏中证文娱传媒ETF,516190.SH,1.009,1.019,1.026,0.996,1.008,403100.0,405305.0
2022-01-27,华夏中证文娱传媒ETF,516190.SH,1.008,1.008,1.008,0.97,0.97,1336600.0,1317364.0
2022-01-28,华夏中证文娱传媒ETF,516190.SH,0.97,0.979,0.995,0.972,0.978,3761000.0,3713790.0
2022-02-07,华夏中证文娱传媒ETF,516190.SH,0.978,0.99,0.99,0.963,0.973,790800.0,771330.0
2022-02-08,华夏中证文娱传媒ETF,516190.SH,0.973,0.982,0.988,0.964,0.988,401900.0,393146.0
2022-02-09,华夏中证文娱传媒ETF,516190.SH,0.988,0.988,1.013,0.987,1.01,1308200.0,1311883.0
2022-02-10,华夏中证文娱传媒ETF,516190.SH,1.01,1.003,1.032,1.003,1.031,1894100.0,1937366.0
2022-02-11,华夏中证文娱传媒ETF,516190.SH,1.031,1.031,1.058,1.009,1.012,1139400.0,1168709.0
2022-02-14,华夏中证文娱传媒ETF,516190.SH,1.012,1.013,1.028,1.01,1.013,326100.0,332869.0
2022-02-15,华夏中证文娱传媒ETF,516190.SH,1.013,1.022,1.025,1.01,1.014,528000.0,536606.0
2022-02-16,华夏中证文娱传媒ETF,516190.SH,1.014,1.015,1.025,1.015,1.023,703000.0,718997.0
2022-02-17,华夏中证文娱传媒ETF,516190.SH,1.023,1.013,1.033,1.005,1.009,458500.0,463878.0
2022-02-18,华夏中证文娱传媒ETF,516190.SH,1.009,1.008,1.014,1.006,1.014,547300.0,552890.0
2022-02-21,华夏中证文娱传媒ETF,516190.SH,1.014,1.065,1.065,1.008,1.016,410800.0,418500.0
2022-02-22,华夏中证文娱传媒ETF,516190.SH,1.016,1.006,1.006,0.972,0.978,750700.0,739437.0
2022-02-23,华夏中证文娱传媒ETF,516190.SH,0.978,0.984,0.999,0.982,0.997,152500.0,151077.0
2022-02-24,华夏中证文娱传媒ETF,516190.SH,0.997,0.988,0.99,0.943,0.958,1093600.0,1069955.0
2022-02-25,华夏中证文娱传媒ETF,516190.SH,0.958,0.956,0.975,0.956,0.966,300000.0,290493.0
2022-02-28,华夏中证文娱传媒ETF,516190.SH,0.966,0.959,0.961,0.949,0.959,357800.0,340810.0
2022-03-01,华夏中证文娱传媒ETF,516190.SH,0.959,0.951,0.973,0.951,0.971,603000.0,581777.0
2022-03-02,华夏中证文娱传媒ETF,516190.SH,0.971,0.962,0.968,0.958,0.962,238600.0,229480.0
2022-03-03,华夏中证文娱传媒ETF,516190.SH,0.962,0.967,0.967,0.953,0.956,795000.0,758483.0
2022-03-04,华夏中证文娱传媒ETF,516190.SH,0.956,0.947,0.958,0.944,0.953,610400.0,578896.0
2022-03-07,华夏中证文娱传媒ETF,516190.SH,0.953,0.944,0.944,0.922,0.924,1165300.0,1086527.0
2022-03-08,华夏中证文娱传媒ETF,516190.SH,0.924,0.91,0.925,0.894,0.894,244900.0,221168.0
2022-03-09,华夏中证文娱传媒ETF,516190.SH,0.894,0.894,0.9,0.85,0.887,947300.0,839983.0
2022-03-10,华夏中证文娱传媒ETF,516190.SH,0.887,0.895,0.91,0.892,0.892,431000.0,389622.0
2022-03-11,华夏中证文娱传媒ETF,516190.SH,0.892,0.884,0.902,0.873,0.902,290600.0,256927.0
2022-03-14,华夏中证文娱传媒ETF,516190.SH,0.902,0.893,0.895,0.865,0.865,16922500.0,14849940.0
2022-03-15,华夏中证文娱传媒ETF,516190.SH,0.865,0.857,0.909,0.7909999999999999,0.8059999999999999,20396300.0,17162226.0
2022-03-16,华夏中证文娱传媒ETF,516190.SH,0.8059999999999999,0.8140000000000001,0.858,0.8079999999999999,0.8540000000000001,698200.0,578829.0
2022-03-17,华夏中证文娱传媒ETF,516190.SH,0.8540000000000001,0.862,0.898,0.862,0.884,1622900.0,1438292.0
2022-03-18,华夏中证文娱传媒ETF,516190.SH,0.884,0.8759999999999999,0.894,0.8490000000000001,0.89,238000.0,210433.0
2022-03-21,华夏中证文娱传媒ETF,516190.SH,0.89,0.893,0.897,0.88,0.887,204000.0,180857.0
2022-03-22,华夏中证文娱传媒ETF,516190.SH,0.887,0.88,0.9,0.877,0.8959999999999999,1190200.0,1065623.0
2022-03-23,华夏中证文娱传媒ETF,516190.SH,0.8959999999999999,0.8959999999999999,0.9,0.889,0.893,429000.0,383720.0
2022-03-24,华夏中证文娱传媒ETF,516190.SH,0.893,0.885,0.885,0.873,0.8759999999999999,27500.0,24107.0
2022-03-25,华夏中证文娱传媒ETF,516190.SH,0.8759999999999999,0.8759999999999999,0.885,0.87,0.871,51200.0,44600.0
2022-03-28,华夏中证文娱传媒ETF,516190.SH,0.871,0.871,0.883,0.8640000000000001,0.875,189600.0,166245.0
2022-03-29,华夏中证文娱传媒ETF,516190.SH,0.875,0.879,0.8809999999999999,0.866,0.8690000000000001,587400.0,515284.0
2022-03-30,华夏中证文娱传媒ETF,516190.SH,0.8690000000000001,0.861,0.893,0.861,0.893,109300.0,96842.0
2022-03-31,华夏中证文娱传媒ETF,516190.SH,0.893,0.893,0.893,0.882,0.883,67200.0,59575.0
2022-04-01,华夏中证文娱传媒ETF,516190.SH,0.883,0.875,0.915,0.873,0.913,561000.0,508813.0
2022-04-06,华夏中证文娱传媒ETF,516190.SH,0.913,0.922,0.931,0.907,0.913,1195600.0,1087925.0
2022-04-07,华夏中证文娱传媒ETF,516190.SH,0.913,0.913,0.913,0.889,0.889,292200.0,262923.0
2022-04-08,华夏中证文娱传媒ETF,516190.SH,0.889,0.888,0.888,0.8640000000000001,0.872,162800.0,141988.0
2022-04-11,华夏中证文娱传媒ETF,516190.SH,0.872,0.8640000000000001,0.8640000000000001,0.8390000000000001,0.8420000000000001,151300.0,128342.0
2022-04-12,华夏中证文娱传媒ETF,516190.SH,0.8420000000000001,0.85,0.87,0.84,0.87,287700.0,248088.0
2022-04-13,华夏中证文娱传媒ETF,516190.SH,0.87,0.863,0.863,0.8390000000000001,0.8390000000000001,127200.0,107811.0
2022-04-14,华夏中证文娱传媒ETF,516190.SH,0.8390000000000001,0.8390000000000001,0.857,0.8390000000000001,0.851,397500.0,339421.0
2022-04-15,华夏中证文娱传媒ETF,516190.SH,0.851,0.851,0.851,0.8320000000000001,0.836,422500.0,355999.0
2022-04-18,华夏中证文娱传媒ETF,516190.SH,0.836,0.828,0.83,0.815,0.8290000000000001,352100.0,290606.0
2022-04-19,华夏中证文娱传媒ETF,516190.SH,0.8290000000000001,0.833,0.8420000000000001,0.828,0.8420000000000001,1560600.0,1296080.0
2022-04-20,华夏中证文娱传媒ETF,516190.SH,0.8420000000000001,0.8340000000000001,0.85,0.816,0.8320000000000001,73800.0,61821.0
2022-04-21,华夏中证文娱传媒ETF,516190.SH,0.8320000000000001,0.8320000000000001,0.8320000000000001,0.799,0.802,226500.0,186137.0
2022-04-22,华夏中证文娱传媒ETF,516190.SH,0.802,0.794,0.802,0.784,0.7929999999999999,1752700.0,1377961.0
2022-04-25,华夏中证文娱传媒ETF,516190.SH,0.7929999999999999,0.7859999999999999,0.7859999999999999,0.75,0.75,1755800.0,1341274.0
2022-04-26,华夏中证文娱传媒ETF,516190.SH,0.75,0.757,0.774,0.748,0.752,1079700.0,819979.0
2022-04-27,华夏中证文娱传媒ETF,516190.SH,0.752,0.746,0.769,0.7340000000000001,0.769,1314900.0,978468.0
2022-04-28,华夏中证文娱传媒ETF,516190.SH,0.769,0.762,0.762,0.746,0.753,231700.0,174188.0
2022-04-29,华夏中证文娱传媒ETF,516190.SH,0.753,0.76,0.8059999999999999,0.76,0.805,1620800.0,1290154.0
2022-05-05,华夏中证文娱传媒ETF,516190.SH,0.805,0.797,0.802,0.768,0.7959999999999999,1476100.0,1172024.0
2022-05-06,华夏中证文娱传媒ETF,516190.SH,0.7959999999999999,0.789,0.789,0.769,0.77,1711500.0,1325658.0
2022-05-09,华夏中证文娱传媒ETF,516190.SH,0.77,0.777,0.785,0.7759999999999999,0.779,86800.0,67720.0
2022-05-10,华夏中证文娱传媒ETF,516190.SH,0.779,0.779,0.784,0.7659999999999999,0.784,66900.0,52018.0
2022-05-11,华夏中证文娱传媒ETF,516190.SH,0.784,0.7909999999999999,0.813,0.7909999999999999,0.7929999999999999,342300.0,276024.0
2022-05-12,华夏中证文娱传媒ETF,516190.SH,0.7929999999999999,0.7929999999999999,0.794,0.785,0.794,65400.0,51695.0
2022-05-13,华夏中证文娱传媒ETF,516190.SH,0.794,0.7929999999999999,0.7929999999999999,0.7859999999999999,0.7929999999999999,749500.0,593855.0
2022-05-16,华夏中证文娱传媒ETF,516190.SH,0.7929999999999999,0.7959999999999999,0.8,0.7909999999999999,0.7929999999999999,1633000.0,1297919.0
2022-05-17,华夏中证文娱传媒ETF,516190.SH,0.7929999999999999,0.8,0.8,0.7859999999999999,0.7979999999999999,517800.0,411980.0
2022-05-18,华夏中证文娱传媒ETF,516190.SH,0.7979999999999999,0.805,0.8059999999999999,0.794,0.7959999999999999,1432800.0,1149086.0
2022-05-19,华夏中证文娱传媒ETF,516190.SH,0.7959999999999999,0.789,0.794,0.78,0.794,53300.0,41958.0
2022-05-20,华夏中证文娱传媒ETF,516190.SH,0.794,0.795,0.809,0.794,0.8079999999999999,266400.0,213487.0
2022-05-23,华夏中证文娱传媒ETF,516190.SH,0.8079999999999999,0.816,0.8240000000000001,0.805,0.8059999999999999,1246800.0,1010785.0
2022-05-24,华夏中证文娱传媒ETF,516190.SH,0.8059999999999999,0.7979999999999999,0.809,0.777,0.777,1610600.0,1293667.0
2022-05-25,华夏中证文娱传媒ETF,516190.SH,0.777,0.784,0.8009999999999999,0.7809999999999999,0.799,2322700.0,1841027.0
2022-05-26,华夏中证文娱传媒ETF,516190.SH,0.799,0.799,0.8109999999999999,0.7929999999999999,0.8109999999999999,1164400.0,937292.0
2022-05-27,华夏中证文娱传媒ETF,516190.SH,0.8109999999999999,0.815,0.815,0.799,0.807,1308500.0,1057434.0
2022-05-30,华夏中证文娱传媒ETF,516190.SH,0.807,0.8029999999999999,0.813,0.8029999999999999,0.813,1378600.0,1114818.0
2022-05-31,华夏中证文娱传媒ETF,516190.SH,0.813,0.805,0.8340000000000001,0.805,0.833,1983800.0,1627338.0
2022-06-01,华夏中证文娱传媒ETF,516190.SH,0.833,0.828,0.838,0.8270000000000001,0.831,151000.0,125900.0
2022-06-02,华夏中证文娱传媒ETF,516190.SH,0.831,0.823,0.831,0.8190000000000001,0.83,354900.0,291502.0
2022-06-06,华夏中证文娱传媒ETF,516190.SH,0.83,0.83,0.848,0.8290000000000001,0.846,993000.0,832243.0
2022-06-07,华夏中证文娱传媒ETF,516190.SH,0.846,0.8540000000000001,0.856,0.8420000000000001,0.85,177800.0,150586.0
2022-06-08,华夏中证文娱传媒ETF,516190.SH,0.85,0.858,0.858,0.84,0.855,625300.0,533923.0
2022-06-09,华夏中证文娱传媒ETF,516190.SH,0.855,0.853,0.858,0.843,0.845,2396400.0,2046080.0
2022-06-10,华夏中证文娱传媒ETF,516190.SH,0.845,0.841,0.858,0.838,0.858,12017700.0,10229659.0
2022-06-13,华夏中证文娱传媒ETF,516190.SH,0.858,0.85,0.85,0.8320000000000001,0.8390000000000001,11958000.0,10062507.0
2022-06-14,华夏中证文娱传媒ETF,516190.SH,0.8390000000000001,0.8320000000000001,0.8440000000000001,0.815,0.841,1665700.0,1381689.0
2022-06-15,华夏中证文娱传媒ETF,516190.SH,0.841,0.848,0.863,0.84,0.85,1390500.0,1183731.0
2022-06-16,华夏中证文娱传媒ETF,516190.SH,0.85,0.8420000000000001,0.877,0.828,0.873,614700.0,535621.0
2022-06-17,华夏中证文娱传媒ETF,516190.SH,0.873,0.8740000000000001,0.8740000000000001,0.85,0.865,366700.0,316250.0
2022-06-20,华夏中证文娱传媒ETF,516190.SH,0.865,0.873,0.882,0.866,0.875,574200.0,500274.0
2022-06-21,华夏中证文娱传媒ETF,516190.SH,0.875,0.875,0.885,0.8740000000000001,0.883,1134700.0,999302.0
2022-06-22,华夏中证文娱传媒ETF,516190.SH,0.883,0.88,0.883,0.855,0.855,173400.0,150400.0
2022-06-23,华夏中证文娱传媒ETF,516190.SH,0.855,0.857,0.8640000000000001,0.846,0.8640000000000001,1270100.0,1082631.0
2022-06-24,华夏中证文娱传媒ETF,516190.SH,0.8640000000000001,0.868,0.8740000000000001,0.866,0.871,748400.0,650048.0
2022-06-27,华夏中证文娱传媒ETF,516190.SH,0.871,0.873,0.9,0.873,0.887,454900.0,406253.0
2022-06-28,华夏中证文娱传媒ETF,516190.SH,0.887,0.887,0.9,0.88,0.9,238500.0,211944.0
2022-06-29,华夏中证文娱传媒ETF,516190.SH,0.9,0.9,0.973,0.8859999999999999,0.887,1293800.0,1163827.0
2022-06-30,华夏中证文娱传媒ETF,516190.SH,0.887,0.888,0.911,0.888,0.903,1351700.0,1220505.0
2022-07-01,华夏中证文娱传媒ETF,516190.SH,0.903,0.904,0.905,0.887,0.89,1504400.0,1345188.0
2022-07-04,华夏中证文娱传媒ETF,516190.SH,0.89,0.89,0.8909999999999999,0.879,0.8909999999999999,825200.0,732729.0
2022-07-05,华夏中证文娱传媒ETF,516190.SH,0.8909999999999999,0.887,0.894,0.871,0.8809999999999999,787300.0,697502.0
2022-07-06,华夏中证文娱传媒ETF,516190.SH,0.8809999999999999,0.873,0.8740000000000001,0.856,0.862,767700.0,664796.0
2022-07-07,华夏中证文娱传媒ETF,516190.SH,0.862,0.862,0.862,0.857,0.861,585000.0,502381.0
2022-07-08,华夏中证文娱传媒ETF,516190.SH,0.861,0.868,0.879,0.868,0.8690000000000001,2746800.0,2399280.0
2022-07-11,华夏中证文娱传媒ETF,516190.SH,0.8690000000000001,0.861,0.861,0.846,0.8490000000000001,959300.0,821514.0
2022-07-12,华夏中证文娱传媒ETF,516190.SH,0.8490000000000001,0.847,0.85,0.841,0.841,165200.0,139442.0
2022-07-13,华夏中证文娱传媒ETF,516190.SH,0.841,0.84,0.851,0.84,0.8440000000000001,353800.0,299133.0
2022-07-14,华夏中证文娱传媒ETF,516190.SH,0.8440000000000001,0.841,0.85,0.841,0.847,107900.0,91376.0
2022-07-15,华夏中证文娱传媒ETF,516190.SH,0.847,0.84,0.847,0.833,0.833,292000.0,245776.0
2022-07-18,华夏中证文娱传媒ETF,516190.SH,0.833,0.835,0.85,0.835,0.85,102600.0,86829.0
2022-07-19,华夏中证文娱传媒ETF,516190.SH,0.85,0.851,0.863,0.851,0.861,781600.0,671758.0
2022-07-20,华夏中证文娱传媒ETF,516190.SH,0.861,0.865,0.872,0.8640000000000001,0.868,325100.0,281476.0
2022-07-21,华夏中证文娱传媒ETF,516190.SH,0.868,0.8759999999999999,0.8759999999999999,0.8640000000000001,0.87,484800.0,420734.0
2022-07-22,华夏中证文娱传媒ETF,516190.SH,0.87,0.868,0.868,0.858,0.86,45600.0,39253.0
2022-07-25,华夏中证文娱传媒ETF,516190.SH,0.86,0.865,0.865,0.852,0.853,330400.0,285527.0
2022-07-26,华夏中证文娱传媒ETF,516190.SH,0.853,0.861,0.872,0.861,0.87,319700.0,276036.0
2022-07-27,华夏中证文娱传媒ETF,516190.SH,0.87,0.868,0.868,0.8640000000000001,0.865,266800.0,230657.0
2022-07-28,华夏中证文娱传媒ETF,516190.SH,0.865,0.867,0.873,0.861,0.861,690300.0,598693.0
2022-07-29,华夏中证文娱传媒ETF,516190.SH,0.861,0.86,0.863,0.8490000000000001,0.851,85000.0,72791.0
2022-08-01,华夏中证文娱传媒ETF,516190.SH,0.851,0.843,0.853,0.843,0.85,13700.0,11654.0
2022-08-02,华夏中证文娱传媒ETF,516190.SH,0.85,0.851,0.851,0.813,0.821,353200.0,291387.0
2022-08-03,华夏中证文娱传媒ETF,516190.SH,0.821,0.815,0.836,0.812,0.812,373700.0,311085.0
2022-08-04,华夏中证文娱传媒ETF,516190.SH,0.812,0.818,0.821,0.812,0.821,701100.0,573403.0
2022-08-05,华夏中证文娱传媒ETF,516190.SH,0.821,0.8240000000000001,0.8420000000000001,0.8240000000000001,0.8420000000000001,313800.0,261348.0
2022-08-08,华夏中证文娱传媒ETF,516190.SH,0.8420000000000001,0.8420000000000001,0.8420000000000001,0.8320000000000001,0.836,251100.0,209591.0
2022-08-09,华夏中证文娱传媒ETF,516190.SH,0.836,0.831,0.8370000000000001,0.83,0.8370000000000001,297400.0,248399.0
2022-08-10,华夏中证文娱传媒ETF,516190.SH,0.8370000000000001,0.838,0.838,0.8290000000000001,0.8320000000000001,330300.0,275970.0
2022-08-11,华夏中证文娱传媒ETF,516190.SH,0.8320000000000001,0.8390000000000001,0.856,0.8390000000000001,0.856,232100.0,195813.0
2022-08-12,华夏中证文娱传媒ETF,516190.SH,0.856,0.852,0.858,0.852,0.858,579500.0,495126.0
2022-08-15,华夏中证文娱传媒ETF,516190.SH,0.858,0.858,0.858,0.847,0.848,140200.0,119231.0
2022-08-16,华夏中证文娱传媒ETF,516190.SH,0.848,0.8440000000000001,0.8490000000000001,0.8440000000000001,0.848,976300.0,826129.0
2022-08-17,华夏中证文娱传媒ETF,516190.SH,0.848,0.8440000000000001,0.858,0.843,0.858,459400.0,389091.0
2022-08-18,华夏中证文娱传媒ETF,516190.SH,0.858,0.862,0.866,0.84,0.845,306600.0,257969.0
2022-08-19,华夏中证文娱传媒ETF,516190.SH,0.845,0.846,0.861,0.846,0.848,422000.0,361639.0
2022-08-22,华夏中证文娱传媒ETF,516190.SH,0.848,0.845,0.858,0.843,0.858,37900.0,32296.0
2022-08-23,华夏中证文娱传媒ETF,516190.SH,0.858,0.858,0.858,0.8490000000000001,0.851,1065500.0,905724.0
2022-08-24,华夏中证文娱传媒ETF,516190.SH,0.851,0.8540000000000001,0.8540000000000001,0.833,0.835,83800.0,70551.0
2022-08-25,华夏中证文娱传媒ETF,516190.SH,0.835,0.8340000000000001,0.84,0.823,0.84,23623100.0,19630776.0
2022-08-26,华夏中证文娱传媒ETF,516190.SH,0.84,0.836,0.848,0.8320000000000001,0.838,22087100.0,18533578.0
2022-08-29,华夏中证文娱传媒ETF,516190.SH,0.838,0.838,0.838,0.821,0.833,2008200.0,1661795.0
2022-08-30,华夏中证文娱传媒ETF,516190.SH,0.833,0.84,0.845,0.833,0.836,908400.0,761257.0
2022-08-31,华夏中证文娱传媒ETF,516190.SH,0.836,0.8420000000000001,0.853,0.835,0.8370000000000001,1031900.0,868845.0
2022-09-01,华夏中证文娱传媒ETF,516190.SH,0.8370000000000001,0.8320000000000001,0.836,0.8190000000000001,0.8240000000000001,1612700.0,1335832.0
2022-09-02,华夏中证文娱传媒ETF,516190.SH,0.8240000000000001,0.818,0.833,0.818,0.831,479800.0,398263.0
2022-09-05,华夏中证文娱传媒ETF,516190.SH,0.831,0.823,0.823,0.81,0.816,1712500.0,1395014.0
2022-09-06,华夏中证文娱传媒ETF,516190.SH,0.816,0.813,0.821,0.809,0.821,592700.0,481745.0
2022-09-07,华夏中证文娱传媒ETF,516190.SH,0.821,0.825,0.825,0.807,0.809,370100.0,299453.0
2022-09-08,华夏中证文娱传媒ETF,516190.SH,0.809,0.8140000000000001,0.815,0.804,0.8059999999999999,2589800.0,2093265.0
2022-09-09,华夏中证文娱传媒ETF,516190.SH,0.8059999999999999,0.805,0.812,0.804,0.8109999999999999,2553700.0,2073432.0
2022-09-13,华夏中证文娱传媒ETF,516190.SH,0.8109999999999999,0.8140000000000001,0.8190000000000001,0.812,0.815,2091900.0,1707907.0
2022-09-14,华夏中证文娱传媒ETF,516190.SH,0.815,0.807,0.815,0.804,0.8079999999999999,2940700.0,2381397.0
2022-09-15,华夏中证文娱传媒ETF,516190.SH,0.8079999999999999,0.809,0.81,0.7929999999999999,0.799,4351100.0,3506613.0
2022-09-16,华夏中证文娱传媒ETF,516190.SH,0.799,0.799,0.802,0.785,0.785,39700.0,31495.0
2022-09-19,华夏中证文娱传媒ETF,516190.SH,0.785,0.785,0.785,0.77,0.775,58500.0,45276.0
2022-09-20,华夏中证文娱传媒ETF,516190.SH,0.775,0.78,0.7809999999999999,0.777,0.778,40900.0,31883.0
2022-09-21,华夏中证文娱传媒ETF,516190.SH,0.778,0.7709999999999999,0.7809999999999999,0.768,0.7809999999999999,47900.0,37212.0
2022-09-22,华夏中证文娱传媒ETF,516190.SH,0.7809999999999999,0.774,0.7759999999999999,0.768,0.769,96100.0,74292.0
2022-09-23,华夏中证文娱传媒ETF,516190.SH,0.769,0.768,0.768,0.754,0.7559999999999999,75300.0,57113.0
2022-09-26,华夏中证文娱传媒ETF,516190.SH,0.7559999999999999,0.752,0.757,0.747,0.7490000000000001,82500.0,61986.0
2022-09-27,华夏中证文娱传媒ETF,516190.SH,0.7490000000000001,0.7559999999999999,0.774,0.753,0.773,14200.0,10795.0
2022-09-28,华夏中证文娱传媒ETF,516190.SH,0.773,0.77,0.77,0.765,0.7659999999999999,44400.0,34147.0
2022-09-29,华夏中证文娱传媒ETF,516190.SH,0.7659999999999999,0.77,0.778,0.746,0.7490000000000001,140900.0,107663.0
2022-09-30,华夏中证文娱传媒ETF,516190.SH,0.7490000000000001,0.7490000000000001,0.753,0.7440000000000001,0.748,267200.0,199865.0
2022-10-10,华夏中证文娱传媒ETF,516190.SH,0.748,0.748,0.748,0.725,0.725,2100000.0,1531232.0
2022-10-11,华夏中证文娱传媒ETF,516190.SH,0.725,0.721,0.725,0.715,0.722,23300.0,16759.0
2022-10-12,华夏中证文娱传媒ETF,516190.SH,0.722,0.718,0.732,0.71,0.732,4704500.0,3364052.0
2022-10-13,华夏中证文娱传媒ETF,516190.SH,0.732,0.73,0.743,0.7290000000000001,0.737,4638600.0,3416033.0
2022-10-14,华夏中证文娱传媒ETF,516190.SH,0.737,0.741,0.7559999999999999,0.741,0.75,1599100.0,1195308.0
2022-10-17,华夏中证文娱传媒ETF,516190.SH,0.75,0.755,0.763,0.755,0.762,178900.0,136057.0
2022-10-18,华夏中证文娱传媒ETF,516190.SH,0.762,0.762,0.764,0.76,0.76,86200.0,65748.0
2022-10-19,华夏中证文娱传媒ETF,516190.SH,0.76,0.753,0.7559999999999999,0.747,0.747,68400.0,51329.0
2022-10-20,华夏中证文娱传媒ETF,516190.SH,0.747,0.748,0.754,0.74,0.754,789400.0,589749.0
2022-10-21,华夏中证文娱传媒ETF,516190.SH,0.754,0.747,0.747,0.7390000000000001,0.74,2148000.0,1597993.0
2022-10-24,华夏中证文娱传媒ETF,516190.SH,0.74,0.745,0.745,0.713,0.713,49600.0,35729.0
2022-10-25,华夏中证文娱传媒ETF,516190.SH,0.713,0.71,0.7120000000000001,0.7020000000000001,0.708,3552600.0,2516318.0
2022-10-26,华夏中证文娱传媒ETF,516190.SH,0.708,0.715,0.7290000000000001,0.7140000000000001,0.722,535600.0,385250.0
2022-10-27,华夏中证文娱传媒ETF,516190.SH,0.722,0.727,0.738,0.725,0.727,555600.0,406234.0
2022-10-28,华夏中证文娱传媒ETF,516190.SH,0.727,0.72,0.723,0.705,0.708,741400.0,531179.0
2022-10-31,华夏中证文娱传媒ETF,516190.SH,0.708,0.7040000000000001,0.716,0.701,0.71,31600.0,22485.0
2022-11-01,华夏中证文娱传媒ETF,516190.SH,0.71,0.716,0.733,0.716,0.733,141400.0,102507.0
2022-11-02,华夏中证文娱传媒ETF,516190.SH,0.733,0.8059999999999999,0.8059999999999999,0.738,0.763,1454300.0,1112385.0
2022-11-03,华夏中证文娱传媒ETF,516190.SH,0.763,0.74,0.8,0.74,0.7559999999999999,1783700.0,1348491.0
2022-11-04,华夏中证文娱传媒ETF,516190.SH,0.7559999999999999,0.747,0.7809999999999999,0.747,0.774,552400.0,425307.0
2022-11-07,华夏中证文娱传媒ETF,516190.SH,0.774,0.778,0.7929999999999999,0.768,0.79,804800.0,627735.0
2022-11-08,华夏中证文娱传媒ETF,516190.SH,0.79,0.79,0.79,0.7809999999999999,0.784,467600.0,366335.0
2022-11-09,华夏中证文娱传媒ETF,516190.SH,0.784,0.782,0.7859999999999999,0.778,0.7809999999999999,400600.0,312682.0
2022-11-10,华夏中证文娱传媒ETF,516190.SH,0.7809999999999999,0.784,0.802,0.7829999999999999,0.8,770300.0,612112.0
2022-11-11,华夏中证文娱传媒ETF,516190.SH,0.8,0.804,0.8170000000000001,0.8,0.804,538700.0,437045.0
2022-11-14,华夏中证文娱传媒ETF,516190.SH,0.804,0.809,0.81,0.8009999999999999,0.8009999999999999,420400.0,339507.0
2022-11-15,华夏中证文娱传媒ETF,516190.SH,0.8009999999999999,0.809,0.815,0.8079999999999999,0.8140000000000001,116300.0,94402.0
2022-11-16,华夏中证文娱传媒ETF,516190.SH,0.8140000000000001,0.8170000000000001,0.835,0.8170000000000001,0.8270000000000001,775000.0,641545.0
2022-11-17,华夏中证文娱传媒ETF,516190.SH,0.8270000000000001,0.831,0.843,0.8270000000000001,0.8420000000000001,3182600.0,2652516.0
2022-11-18,华夏中证文娱传媒ETF,516190.SH,0.8420000000000001,0.8420000000000001,0.862,0.8420000000000001,0.8420000000000001,998500.0,850374.0
2022-11-21,华夏中证文娱传媒ETF,516190.SH,0.8420000000000001,0.835,0.835,0.8109999999999999,0.818,10760500.0,8754089.0
2022-11-22,华夏中证文娱传媒ETF,516190.SH,0.818,0.815,0.815,0.805,0.809,8404700.0,6813751.0
2022-11-23,华夏中证文娱传媒ETF,516190.SH,0.809,0.82,0.82,0.789,0.7979999999999999,5602000.0,4439459.0
2022-11-24,华夏中证文娱传媒ETF,516190.SH,0.7979999999999999,0.7959999999999999,0.799,0.7879999999999999,0.7879999999999999,633700.0,500801.0
2022-11-25,华夏中证文娱传媒ETF,516190.SH,0.7879999999999999,0.7879999999999999,0.7929999999999999,0.787,0.79,168300.0,133137.0
2022-11-28,华夏中证文娱传媒ETF,516190.SH,0.79,0.8,0.8,0.77,0.79,512200.0,399478.0
2022-11-29,华夏中证文娱传媒ETF,516190.SH,0.79,0.797,0.82,0.795,0.8190000000000001,16039900.0,13043933.0
2022-11-30,华夏中证文娱传媒ETF,516190.SH,0.8190000000000001,0.8109999999999999,0.8220000000000001,0.8109999999999999,0.818,1162300.0,949803.0
2022-12-01,华夏中证文娱传媒ETF,516190.SH,0.818,0.826,0.8420000000000001,0.8190000000000001,0.8340000000000001,954700.0,795734.0
2022-12-02,华夏中证文娱传媒ETF,516190.SH,0.8340000000000001,0.8340000000000001,0.845,0.8340000000000001,0.838,555700.0,466782.0
2022-12-05,华夏中证文娱传媒ETF,516190.SH,0.838,0.846,0.8540000000000001,0.845,0.853,3575100.0,3042225.0
2022-12-06,华夏中证文娱传媒ETF,516190.SH,0.853,0.85,0.861,0.847,0.85,990000.0,848606.0
2022-12-07,华夏中证文娱传媒ETF,516190.SH,0.85,0.8490000000000001,0.866,0.846,0.855,1160400.0,989986.0
2022-12-08,华夏中证文娱传媒ETF,516190.SH,0.855,0.8590000000000001,0.863,0.841,0.853,4275400.0,3641718.0
2022-12-09,华夏中证文娱传媒ETF,516190.SH,0.853,0.852,0.852,0.8370000000000001,0.8490000000000001,791500.0,666413.0
2022-12-12,华夏中证文娱传媒ETF,516190.SH,0.8490000000000001,0.8490000000000001,0.85,0.838,0.838,1860400.0,1563153.0
2022-12-13,华夏中证文娱传媒ETF,516190.SH,0.838,0.8370000000000001,0.851,0.8370000000000001,0.8420000000000001,1733400.0,1460335.0
2022-12-14,华夏中证文娱传媒ETF,516190.SH,0.842,0.85,0.86,0.836,0.851,3643500.0,3092930.0
2022-12-15,华夏中证文娱传媒ETF,516190.SH,0.851,0.851,0.853,0.843,0.844,1698300.0,1442450.0
2022-12-16,华夏中证文娱传媒ETF,516190.SH,0.844,0.84,0.841,0.835,0.838,102600.0,85937.0
2022-12-19,华夏中证文娱传媒ETF,516190.SH,0.838,0.839,0.839,0.82,0.824,2844400.0,2345639.0
2022-12-20,华夏中证文娱传媒ETF,516190.SH,0.824,0.816,0.819,0.808,0.809,670200.0,547212.0
2022-12-21,华夏中证文娱传媒ETF,516190.SH,0.809,0.801,0.818,0.801,0.812,2309400.0,1883094.0
2022-12-22,华夏中证文娱传媒ETF,516190.SH,0.812,0.82,0.837,0.82,0.822,4805600.0,3964576.0
2022-12-23,华夏中证文娱传媒ETF,516190.SH,0.822,0.821,0.843,0.819,0.836,303400.0,253823.0
2022-12-26,华夏中证文娱传媒ETF,516190.SH,0.836,0.836,0.843,0.831,0.835,198500.0,166327.0
2022-12-27,华夏中证文娱传媒ETF,516190.SH,0.835,0.839,0.845,0.829,0.835,761300.0,632346.0
2022-12-28,华夏中证文娱传媒ETF,516190.SH,0.835,0.829,0.838,0.829,0.833,931300.0,774311.0
2022-12-29,华夏中证文娱传媒ETF,516190.SH,0.833,0.841,0.841,0.825,0.825,257900.0,214639.0
2022-12-30,华夏中证文娱传媒ETF,516190.SH,0.825,0.83,0.841,0.83,0.839,1571300.0,1311609.0
2023-01-03,华夏中证文娱传媒ETF,516190.SH,0.839,0.839,0.86,0.839,0.859,2092700.0,1779011.0
2023-01-04,华夏中证文娱传媒ETF,516190.SH,0.859,0.858,0.871,0.858,0.868,292400.0,253257.0
2023-01-05,华夏中证文娱传媒ETF,516190.SH,0.868,0.868,0.886,0.868,0.883,392700.0,346185.0
2023-01-06,华夏中证文娱传媒ETF,516190.SH,0.883,0.883,0.883,0.865,0.867,566000.0,492618.0
2023-01-09,华夏中证文娱传媒ETF,516190.SH,0.867,0.871,0.879,0.871,0.876,360500.0,315491.0
2023-01-10,华夏中证文娱传媒ETF,516190.SH,0.876,0.874,0.887,0.873,0.887,498200.0,439001.0
2023-01-11,华夏中证文娱传媒ETF,516190.SH,0.887,0.887,0.887,0.868,0.869,458900.0,400368.0
2023-01-12,华夏中证文娱传媒ETF,516190.SH,0.869,0.873,0.877,0.861,0.866,1165700.0,1011212.0
2023-01-13,华夏中证文娱传媒ETF,516190.SH,0.866,0.871,0.879,0.868,0.877,6331700.0,5520499.0
2023-01-16,华夏中证文娱传媒ETF,516190.SH,0.877,0.881,0.889,0.878,0.883,1258300.0,1110811.0
2023-01-17,华夏中证文娱传媒ETF,516190.SH,0.883,0.883,0.883,0.868,0.872,1255900.0,1101329.0
2023-01-18,华夏中证文娱传媒ETF,516190.SH,0.872,0.871,0.889,0.871,0.883,1326900.0,1171865.0
2023-01-19,华夏中证文娱传媒ETF,516190.SH,0.883,0.879,0.893,0.878,0.893,2796400.0,2474491.0
2023-01-20,华夏中证文娱传媒ETF,516190.SH,0.893,0.897,0.897,0.89,0.897,363700.0,324792.0
2023-01-30,华夏中证文娱传媒ETF,516190.SH,0.897,0.905,0.985,0.888,0.89,1184700.0,1065112.0
2023-01-31,华夏中证文娱传媒ETF,516190.SH,0.89,0.894,0.894,0.88,0.885,1208500.0,1067601.0
2023-02-01,华夏中证文娱传媒ETF,516190.SH,0.885,0.885,0.898,0.881,0.898,337200.0,299186.0
2023-02-02,华夏中证文娱传媒ETF,516190.SH,0.898,0.89,0.92,0.89,0.912,2981600.0,2712471.0
2023-02-03,华夏中证文娱传媒ETF,516190.SH,0.912,0.911,0.921,0.909,0.921,1011200.0,925149.0
2023-02-06,华夏中证文娱传媒ETF,516190.SH,0.921,0.92,0.929,0.909,0.924,926600.0,853973.0
2023-02-07,华夏中证文娱传媒ETF,516190.SH,0.924,0.924,0.941,0.919,0.936,1228900.0,1140424.0
2023-02-08,华夏中证文娱传媒ETF,516190.SH,0.936,0.94,0.94,0.917,0.917,1634300.0,1506917.0
2023-02-09,华夏中证文娱传媒ETF,516190.SH,0.917,0.913,0.934,0.906,0.933,2466700.0,2266052.0
2023-02-10,华夏中证文娱传媒ETF,516190.SH,0.933,0.936,0.952,0.936,0.939,2316000.0,2183253.0
2023-02-13,华夏中证文娱传媒ETF,516190.SH,0.939,0.964,0.973,0.932,0.949,2292100.0,2160761.0
2023-02-14,华夏中证文娱传媒ETF,516190.SH,0.949,0.95,0.955,0.94,0.946,13526900.0,12795668.0
2023-02-15,华夏中证文娱传媒ETF,516190.SH,0.946,0.946,0.959,0.94,0.959,12590800.0,11964631.0
2023-02-16,华夏中证文娱传媒ETF,516190.SH,0.959,0.958,0.983,0.95,0.953,4532000.0,4394290.0
2023-02-17,华夏中证文娱传媒ETF,516190.SH,0.953,0.953,0.958,0.929,0.929,4610800.0,4345689.0
2023-02-20,华夏中证文娱传媒ETF,516190.SH,0.929,0.929,0.962,0.929,0.961,5460000.0,5195270.0
2023-02-21,华夏中证文娱传媒ETF,516190.SH,0.961,0.97,0.97,0.945,0.954,1703200.0,1629848.0
2023-02-22,华夏中证文娱传媒ETF,516190.SH,0.954,0.955,0.955,0.931,0.939,2745600.0,2569648.0
2023-02-23,华夏中证文娱传媒ETF,516190.SH,0.939,0.937,0.937,0.917,0.922,6674500.0,6202054.0
2023-02-24,华夏中证文娱传媒ETF,516190.SH,0.922,0.917,0.924,0.913,0.92,5083500.0,4684621.0
2023-02-27,华夏中证文娱传媒ETF,516190.SH,0.92,0.924,0.924,0.906,0.907,3133300.0,2867813.0
2023-02-28,华夏中证文娱传媒ETF,516190.SH,0.907,0.91,0.919,0.906,0.919,3788800.0,3467589.0
2023-03-01,华夏中证文娱传媒ETF,516190.SH,0.919,0.918,0.951,0.918,0.947,3124500.0,2923446.0
2023-03-02,华夏中证文娱传媒ETF,516190.SH,0.947,0.952,0.967,0.949,0.963,3445300.0,3301694.0
2023-03-03,华夏中证文娱传媒ETF,516190.SH,0.963,1.054,1.054,0.952,0.961,1439200.0,1385276.0
2023-03-06,华夏中证文娱传媒ETF,516190.SH,0.961,0.961,0.962,0.874,0.952,1183700.0,1129566.0
2023-03-07,华夏中证文娱传媒ETF,516190.SH,0.952,0.941,0.957,0.932,0.934,2444300.0,2300681.0
2023-03-08,华夏中证文娱传媒ETF,516190.SH,0.934,0.935,0.942,0.929,0.942,3129300.0,2926328.0
2023-03-09,华夏中证文娱传媒ETF,516190.SH,0.942,0.935,0.94,0.929,0.937,2507100.0,2340917.0
2023-03-10,华夏中证文娱传媒ETF,516190.SH,0.937,0.946,0.946,0.922,0.922,451500.0,419347.0
2023-03-13,华夏中证文娱传媒ETF,516190.SH,0.922,0.92,0.943,0.918,0.943,1313700.0,1221532.0
2023-03-14,华夏中证文娱传媒ETF,516190.SH,0.943,0.946,0.956,0.932,0.938,1150300.0,1083029.0
2023-03-15,华夏中证文娱传媒ETF,516190.SH,0.938,0.938,0.947,0.933,0.934,2165500.0,2039624.0
2023-03-16,华夏中证文娱传媒ETF,516190.SH,0.934,0.958,0.958,0.92,0.939,1923200.0,1801301.0
2023-03-17,华夏中证文娱传媒ETF,516190.SH,0.939,0.944,0.989,0.944,0.981,3543900.0,3451862.0
2023-03-20,华夏中证文娱传媒ETF,516190.SH,0.981,0.986,1.024,0.986,1.006,4495700.0,4573787.0
2023-03-21,华夏中证文娱传媒ETF,516190.SH,1.006,1.006,1.038,0.996,1.032,3056100.0,3131158.0
2023-03-22,华夏中证文娱传媒ETF,516190.SH,1.032,1.032,1.059,1.028,1.057,3252200.0,3388404.0
2023-03-23,华夏中证文娱传媒ETF,516190.SH,1.057,1.057,1.06,1.04,1.056,1723100.0,1814192.0
2023-03-24,华夏中证文娱传媒ETF,516190.SH,1.056,1.058,1.098,1.058,1.095,2928400.0,3165522.0
2023-03-27,华夏中证文娱传媒ETF,516190.SH,1.095,1.09,1.12,1.08,1.106,2135900.0,2352994.0
2023-03-28,华夏中证文娱传媒ETF,516190.SH,1.106,1.105,1.107,1.082,1.082,799700.0,874139.0
2023-03-29,华夏中证文娱传媒ETF,516190.SH,1.082,1.087,1.096,1.064,1.077,4495600.0,4874279.0
2023-03-30,华夏中证文娱传媒ETF,516190.SH,1.077,1.084,1.084,1.06,1.073,3012500.0,3243303.0
2023-03-31,华夏中证文娱传媒ETF,516190.SH,1.073,1.076,1.126,1.067,1.125,4396500.0,4763556.0
2023-04-03,华夏中证文娱传媒ETF,516190.SH,1.125,1.125,1.188,1.114,1.184,1378400.0,1592679.0
2023-04-04,华夏中证文娱传媒ETF,516190.SH,1.184,1.218,1.218,1.168,1.174,4130200.0,4902874.0
2023-04-06,华夏中证文娱传媒ETF,516190.SH,1.174,1.173,1.173,1.077,1.143,3635500.0,4154623.0
2023-04-07,华夏中证文娱传媒ETF,516190.SH,1.143,1.143,1.192,1.13,1.183,3172400.0,3724050.0
2023-04-10,华夏中证文娱传媒ETF,516190.SH,1.183,1.188,1.196,1.127,1.132,4080700.0,4718877.0
2023-04-11,华夏中证文娱传媒ETF,516190.SH,1.132,1.125,1.209,1.125,1.188,6201000.0,7315027.0
2023-04-12,华夏中证文娱传媒ETF,516190.SH,1.188,1.19,1.24,1.18,1.238,5732500.0,6965433.0
2023-04-13,华夏中证文娱传媒ETF,516190.SH,1.238,1.237,1.262,1.22,1.22,8130500.0,10161178.0
2023-04-14,华夏中证文娱传媒ETF,516190.SH,1.22,1.2,1.234,1.164,1.196,6974000.0,8442816.0
2023-04-17,华夏中证文娱传媒ETF,516190.SH,1.196,1.196,1.196,1.149,1.154,2616100.0,3033272.0
2023-04-18,华夏中证文娱传媒ETF,516190.SH,1.154,1.154,1.166,1.12,1.158,2170700.0,2474326.0
2023-04-19,华夏中证文娱传媒ETF,516190.SH,1.158,1.148,1.185,1.14,1.164,3138600.0,3674565.0
2023-04-20,华夏中证文娱传媒ETF,516190.SH,1.164,1.164,1.216,1.161,1.216,5297600.0,6297124.0
2023-04-21,华夏中证文娱传媒ETF,516190.SH,1.216,1.21,1.228,1.16,1.161,4611600.0,5465867.0
2023-04-24,华夏中证文娱传媒ETF,516190.SH,1.161,1.141,1.216,1.136,1.196,3605100.0,4281913.0
2023-04-25,华夏中证文娱传媒ETF,516190.SH,1.196,1.196,1.234,1.18,1.226,3300800.0,3992475.0
2023-04-26,华夏中证文娱传媒ETF,516190.SH,1.226,1.226,1.252,1.175,1.216,3537700.0,4280994.0
2023-04-27,华夏中证文娱传媒ETF,516190.SH,1.216,1.216,1.216,1.142,1.161,1972400.0,2320225.0
2023-04-28,华夏中证文娱传媒ETF,516190.SH,1.161,1.162,1.262,1.162,1.256,5650400.0,6988163.0
2023-05-04,华夏中证文娱传媒ETF,516190.SH,1.256,1.243,1.322,1.243,1.321,6336700.0,8220238.0
2023-05-05,华夏中证文娱传媒ETF,516190.SH,1.321,1.308,1.321,1.276,1.288,6635000.0,8580138.0
2023-05-08,华夏中证文娱传媒ETF,516190.SH,1.288,1.29,1.299,1.248,1.282,5896300.0,7527870.0
2023-05-09,华夏中证文娱传媒ETF,516190.SH,1.282,1.276,1.294,1.24,1.244,2617300.0,3300244.0
2023-05-10,华夏中证文娱传媒ETF,516190.SH,1.244,1.243,1.262,1.203,1.227,3793400.0,4691005.0
2023-05-11,华夏中证文娱传媒ETF,516190.SH,1.227,1.208,1.279,1.208,1.254,5647600.0,7116458.0
2023-05-12,华夏中证文娱传媒ETF,516190.SH,1.254,1.252,1.254,1.196,1.196,8227100.0,10015050.0
2023-05-15,华夏中证文娱传媒ETF,516190.SH,1.196,1.178,1.192,1.137,1.17,4844900.0,5627090.0
2023-05-16,华夏中证文娱传媒ETF,516190.SH,1.17,1.16,1.18,1.116,1.118,2691200.0,3103454.0
2023-05-17,华夏中证文娱传媒ETF,516190.SH,1.118,1.1,1.147,1.1,1.125,3017600.0,3403671.0
2023-05-18,华夏中证文娱传媒ETF,516190.SH,1.125,1.12,1.164,1.114,1.156,2620200.0,3016155.0
2023-05-19,华夏中证文娱传媒ETF,516190.SH,1.156,1.153,1.164,1.129,1.129,1647300.0,1887021.0
2023-05-22,华夏中证文娱传媒ETF,516190.SH,1.129,1.12,1.134,1.095,1.113,2675200.0,2976850.0
2023-05-23,华夏中证文娱传媒ETF,516190.SH,1.113,1.113,1.12,1.092,1.094,1535000.0,1697195.0
2023-05-24,华夏中证文娱传媒ETF,516190.SH,1.094,1.089,1.108,1.075,1.097,2552500.0,2774707.0
2023-05-25,华夏中证文娱传媒ETF,516190.SH,1.097,1.102,1.106,1.048,1.074,3719100.0,3987298.0
2023-05-26,华夏中证文娱传媒ETF,516190.SH,1.074,1.074,1.097,1.062,1.094,3809000.0,4145419.0
2023-05-29,华夏中证文娱传媒ETF,516190.SH,1.094,1.102,1.133,1.09,1.112,3192600.0,3538615.0
2023-05-30,华夏中证文娱传媒ETF,516190.SH,1.112,1.106,1.168,1.09,1.162,4008500.0,4540085.0
2023-05-31,华夏中证文娱传媒ETF,516190.SH,1.162,1.162,1.184,1.159,1.18,3078300.0,3615198.0
2023-06-01,华夏中证文娱传媒ETF,516190.SH,1.18,1.17,1.225,1.169,1.204,4744800.0,5721424.0
2023-06-02,华夏中证文娱传媒ETF,516190.SH,1.204,1.2,1.22,1.198,1.204,2704900.0,3256853.0
2023-06-05,华夏中证文娱传媒ETF,516190.SH,1.204,1.201,1.23,1.197,1.228,3906600.0,4741960.0
2023-06-06,华夏中证文娱传媒ETF,516190.SH,1.228,1.228,1.242,1.186,1.196,2045700.0,2487959.0
2023-06-07,华夏中证文娱传媒ETF,516190.SH,1.196,1.196,1.215,1.176,1.204,3817400.0,4587632.0
2023-06-08,华夏中证文娱传媒ETF,516190.SH,1.204,1.197,1.197,1.16,1.182,5097200.0,5969169.0
