date,name,code,pre_close,open,high,low,close,vol,amount
2021-07-27,创新药AH,517380.SH,,,,,,,
2021-07-30,创新药AH,517380.SH,,,,,,,
2021-08-06,创新药AH,517380.SH,,,,,,,
2021-08-09,创新药AH,517380.SH,0.983,0.977,0.985,0.966,0.979,16918500.0,16532193.0
2021-08-10,创新药AH,517380.SH,0.979,0.983,0.993,0.972,0.989,12908800.0,12664019.0
2021-08-11,创新药AH,517380.SH,0.989,0.981,0.981,0.964,0.965,15079600.0,14655947.0
2021-08-12,创新药AH,517380.SH,0.965,0.965,0.965,0.94,0.95,16797200.0,15971019.0
2021-08-13,创新药AH,517380.SH,0.95,0.95,0.965,0.946,0.952,14353930.0,13680831.0
2021-08-16,创新药AH,517380.SH,0.952,0.948,0.956,0.946,0.946,13258000.0,12604598.0
2021-08-17,创新药AH,517380.SH,0.946,0.946,0.952,0.903,0.91,18615600.0,17149260.0
2021-08-18,创新药AH,517380.SH,0.91,0.91,0.925,0.907,0.909,16911100.0,15419354.0
2021-08-19,创新药AH,517380.SH,0.909,0.909,0.929,0.904,0.921,18152900.0,16739714.0
2021-08-20,创新药AH,517380.SH,0.921,0.914,0.914,0.8640000000000001,0.878,54337400.0,47557642.0
2021-08-23,创新药AH,517380.SH,0.878,0.879,0.899,0.8640000000000001,0.894,22112300.0,19629700.0
2021-08-24,创新药AH,517380.SH,0.894,0.898,0.919,0.898,0.913,15284400.0,13961450.0
2021-08-25,创新药AH,517380.SH,0.913,0.914,0.923,0.91,0.916,17812685.0,16328814.0
2021-08-26,创新药AH,517380.SH,0.916,0.918,0.918,0.8859999999999999,0.887,12110800.0,10814678.0
2021-08-27,创新药AH,517380.SH,0.887,0.887,0.904,0.882,0.8859999999999999,10964100.0,9792823.0
2021-08-30,创新药AH,517380.SH,0.8859999999999999,0.8859999999999999,0.901,0.882,0.895,13108700.0,11665064.0
2021-08-31,创新药AH,517380.SH,0.895,0.895,0.899,0.875,0.8859999999999999,15652600.0,13824796.0
2021-09-01,创新药AH,517380.SH,0.8859999999999999,0.887,0.9,0.87,0.89,19419800.0,17230763.0
2021-09-02,创新药AH,517380.SH,0.89,0.895,0.8959999999999999,0.873,0.875,20036200.0,17802554.0
2021-09-03,创新药AH,517380.SH,0.875,0.871,0.889,0.867,0.883,18085800.0,15973774.0
2021-09-06,创新药AH,517380.SH,0.883,0.883,0.923,0.883,0.913,21693300.0,19849486.0
2021-09-07,创新药AH,517380.SH,0.913,0.912,0.913,0.903,0.91,20550200.0,18630928.0
2021-09-08,创新药AH,517380.SH,0.91,0.912,0.918,0.904,0.907,21898800.0,19930562.0
2021-09-09,创新药AH,517380.SH,0.907,0.907,0.919,0.901,0.904,20848200.0,18862637.0
2021-09-10,创新药AH,517380.SH,0.904,0.902,0.907,0.895,0.902,16681900.0,15025544.0
2021-09-13,创新药AH,517380.SH,0.902,0.899,0.914,0.888,0.892,14938200.0,13335735.0
2021-09-14,创新药AH,517380.SH,0.892,0.897,0.914,0.8959999999999999,0.909,23963800.0,21771241.0
2021-09-15,创新药AH,517380.SH,0.909,0.914,0.914,0.894,0.897,20542700.0,18494212.0
2021-09-16,创新药AH,517380.SH,0.897,0.895,0.9,0.884,0.89,19467500.0,17353205.0
2021-09-17,创新药AH,517380.SH,0.89,0.895,0.932,0.8909999999999999,0.923,22551300.0,20617309.0
2021-09-22,创新药AH,517380.SH,0.923,0.92,0.937,0.918,0.925,12752399.0,11801622.0
2021-09-23,创新药AH,517380.SH,0.925,0.925,0.937,0.913,0.922,34840500.0,32254730.0
2021-09-24,创新药AH,517380.SH,0.922,0.924,0.94,0.919,0.926,23974500.0,22330354.0
2021-09-27,创新药AH,517380.SH,0.926,0.926,0.95,0.926,0.934,19933500.0,18736611.0
2021-09-28,创新药AH,517380.SH,0.934,0.929,0.942,0.924,0.937,15622900.0,14613805.0
2021-09-29,创新药AH,517380.SH,0.937,0.929,0.93,0.916,0.925,19079400.0,17583888.0
2021-09-30,创新药AH,517380.SH,0.925,0.925,0.935,0.923,0.928,18612000.0,17283410.0
2021-10-08,创新药AH,517380.SH,0.928,0.928,0.934,0.908,0.912,23480800.0,21615344.0
2021-10-11,创新药AH,517380.SH,0.912,0.917,0.922,0.897,0.899,13598500.0,12340874.0
2021-10-12,创新药AH,517380.SH,0.899,0.899,0.91,0.8859999999999999,0.892,12453900.0,11174276.0
2021-10-13,创新药AH,517380.SH,0.892,0.895,0.905,0.888,0.903,9899800.0,8876283.0
2021-10-14,创新药AH,517380.SH,0.903,0.899,0.901,0.887,0.89,6620500.0,5917599.0
2021-10-15,创新药AH,517380.SH,0.89,0.89,0.8959999999999999,0.8859999999999999,0.8909999999999999,16833300.0,15000129.0
2021-10-18,创新药AH,517380.SH,0.8909999999999999,0.893,0.8959999999999999,0.882,0.888,12661700.0,11209264.0
2021-10-19,创新药AH,517380.SH,0.888,0.893,0.909,0.893,0.905,20432900.0,18460069.0
2021-10-20,创新药AH,517380.SH,0.905,0.906,0.906,0.8859999999999999,0.898,16120000.0,14391048.0
2021-10-21,创新药AH,517380.SH,0.898,0.899,0.902,0.8859999999999999,0.89,10010700.0,8926488.0
2021-10-22,创新药AH,517380.SH,0.89,0.89,0.892,0.884,0.89,16903200.0,15027523.0
2021-10-25,创新药AH,517380.SH,0.89,0.8909999999999999,0.899,0.888,0.895,14285600.0,12767241.0
2021-10-26,创新药AH,517380.SH,0.895,0.895,0.897,0.884,0.885,17227400.0,15300634.0
2021-10-27,创新药AH,517380.SH,0.885,0.8909999999999999,0.8909999999999999,0.866,0.8690000000000001,10325300.0,9038235.0
2021-10-28,创新药AH,517380.SH,0.8690000000000001,0.8690000000000001,0.871,0.861,0.8640000000000001,9844300.0,8503998.0
2021-10-29,创新药AH,517380.SH,0.8640000000000001,0.8640000000000001,0.875,0.8540000000000001,0.8740000000000001,6845900.0,5917395.0
2021-11-01,创新药AH,517380.SH,0.8740000000000001,0.8740000000000001,0.877,0.853,0.8590000000000001,13337700.0,11444006.0
2021-11-02,创新药AH,517380.SH,0.8590000000000001,0.857,0.865,0.843,0.851,13797600.0,11794126.0
2021-11-03,创新药AH,517380.SH,0.851,0.855,0.8640000000000001,0.847,0.848,12680400.0,10818514.0
2021-11-04,创新药AH,517380.SH,0.848,0.848,0.855,0.8370000000000001,0.8390000000000001,16588500.0,13988258.0
2021-11-05,创新药AH,517380.SH,0.8390000000000001,0.8390000000000001,0.85,0.836,0.8370000000000001,13778000.0,11638540.0
2021-11-08,创新药AH,517380.SH,0.8370000000000001,0.8370000000000001,0.8420000000000001,0.807,0.812,13102400.0,10657972.0
2021-11-09,创新药AH,517380.SH,0.812,0.8170000000000001,0.835,0.8170000000000001,0.8340000000000001,13295900.0,10980066.0
2021-11-10,创新药AH,517380.SH,0.8340000000000001,0.8340000000000001,0.863,0.828,0.862,18308000.0,15463767.0
2021-11-11,创新药AH,517380.SH,0.862,0.86,0.872,0.8540000000000001,0.8590000000000001,18001600.0,15454736.0
2021-11-12,创新药AH,517380.SH,0.8590000000000001,0.861,0.8640000000000001,0.855,0.857,16686600.0,14309167.0
2021-11-15,创新药AH,517380.SH,0.857,0.857,0.871,0.857,0.866,17900500.0,15505748.0
2021-11-16,创新药AH,517380.SH,0.866,0.871,0.898,0.871,0.8909999999999999,22820900.0,20277441.0
2021-11-17,创新药AH,517380.SH,0.8909999999999999,0.8959999999999999,0.906,0.893,0.9,18697600.0,16793787.0
2021-11-18,创新药AH,517380.SH,0.9,0.892,0.8959999999999999,0.883,0.884,20146400.0,17934457.0
2021-11-19,创新药AH,517380.SH,0.884,0.884,0.889,0.878,0.884,16929800.0,14947863.0
2021-11-22,创新药AH,517380.SH,0.884,0.884,0.888,0.87,0.873,14552100.0,12787073.0
2021-11-23,创新药AH,517380.SH,0.873,0.8690000000000001,0.871,0.8640000000000001,0.867,11193100.0,9695675.0
2021-11-24,创新药AH,517380.SH,0.867,0.867,0.8809999999999999,0.863,0.88,15650700.0,13683829.0
2021-11-25,创新药AH,517380.SH,0.88,0.88,0.889,0.875,0.8859999999999999,17903500.0,15789078.0
2021-11-26,创新药AH,517380.SH,0.8859999999999999,0.8859999999999999,0.901,0.8859999999999999,0.895,17176900.0,15343623.0
2021-11-29,创新药AH,517380.SH,0.895,0.899,0.924,0.893,0.899,19600600.0,17837589.0
2021-11-30,创新药AH,517380.SH,0.899,0.898,0.901,0.887,0.895,17839200.0,15922518.0
2021-12-01,创新药AH,517380.SH,0.895,0.892,0.897,0.8859999999999999,0.888,12829800.0,11451118.0
2021-12-02,创新药AH,517380.SH,0.888,0.888,0.888,0.872,0.8740000000000001,15618600.0,13679316.0
2021-12-03,创新药AH,517380.SH,0.8740000000000001,0.875,0.882,0.873,0.877,11250900.0,9847748.0
2021-12-06,创新药AH,517380.SH,0.877,0.873,0.873,0.851,0.852,13213000.0,11350451.0
2021-12-07,创新药AH,517380.SH,0.852,0.857,0.865,0.852,0.856,10377000.0,8871968.0
2021-12-08,创新药AH,517380.SH,0.856,0.865,0.8759999999999999,0.862,0.8740000000000001,11526700.0,10060097.0
2021-12-09,创新药AH,517380.SH,0.8740000000000001,0.877,0.892,0.872,0.889,12909100.0,11391921.0
2021-12-10,创新药AH,517380.SH,0.889,0.889,0.889,0.875,0.875,9554400.0,8406492.0
2021-12-13,创新药AH,517380.SH,0.875,0.8809999999999999,0.8809999999999999,0.866,0.867,12451700.0,10869267.0
2021-12-14,创新药AH,517380.SH,0.867,0.866,0.8759999999999999,0.866,0.871,8603300.0,7491718.0
2021-12-15,创新药AH,517380.SH,0.871,0.866,0.866,0.815,0.82,19705400.0,16779109.0
2021-12-16,创新药AH,517380.SH,0.82,0.8220000000000001,0.835,0.82,0.833,13165200.0,10885288.0
2021-12-17,创新药AH,517380.SH,0.833,0.836,0.853,0.8290000000000001,0.831,11156900.0,9325246.0
2021-12-20,创新药AH,517380.SH,0.831,0.831,0.8320000000000001,0.8079999999999999,0.812,12586100.0,10265021.0
2021-12-21,创新药AH,517380.SH,0.812,0.815,0.8170000000000001,0.809,0.8170000000000001,9631000.0,7819229.0
2021-12-22,创新药AH,517380.SH,0.8170000000000001,0.818,0.818,0.81,0.813,5337900.0,4343331.0
2021-12-23,创新药AH,517380.SH,0.813,0.813,0.818,0.812,0.812,6677200.0,5432622.0
2021-12-24,创新药AH,517380.SH,0.812,0.815,0.8170000000000001,0.8059999999999999,0.8109999999999999,6011500.0,4870155.0
2021-12-27,创新药AH,517380.SH,0.8109999999999999,0.813,0.82,0.81,0.82,4725300.0,3839673.0
2021-12-28,创新药AH,517380.SH,0.82,0.825,0.828,0.8079999999999999,0.8240000000000001,8059100.0,6560463.0
2021-12-29,创新药AH,517380.SH,0.8240000000000001,0.821,0.831,0.815,0.816,6476900.0,5329918.0
2021-12-30,创新药AH,517380.SH,0.816,0.815,0.8240000000000001,0.8109999999999999,0.8240000000000001,4560600.0,3737061.0
2021-12-31,创新药AH,517380.SH,0.8240000000000001,0.8270000000000001,0.8340000000000001,0.826,0.8290000000000001,6228300.0,5169442.0
2022-01-04,创新药AH,517380.SH,0.8290000000000001,0.8240000000000001,0.8240000000000001,0.8009999999999999,0.805,10272800.0,8295001.0
2022-01-05,创新药AH,517380.SH,0.805,0.805,0.805,0.779,0.787,10212300.0,8021059.0
2022-01-06,创新药AH,517380.SH,0.787,0.782,0.7829999999999999,0.765,0.782,8260400.0,6400064.0
2022-01-07,创新药AH,517380.SH,0.782,0.7829999999999999,0.789,0.779,0.785,4299400.0,3370005.0
2022-01-10,创新药AH,517380.SH,0.785,0.7859999999999999,0.805,0.7809999999999999,0.799,6710400.0,5356600.0
2022-01-11,创新药AH,517380.SH,0.799,0.8009999999999999,0.8109999999999999,0.7959999999999999,0.8009999999999999,7907600.0,6373189.0
2022-01-12,创新药AH,517380.SH,0.8009999999999999,0.8059999999999999,0.8170000000000001,0.8059999999999999,0.8140000000000001,10407900.0,8464608.0
2022-01-13,创新药AH,517380.SH,0.8140000000000001,0.818,0.818,0.8009999999999999,0.8009999999999999,6917000.0,5587824.0
2022-01-14,创新药AH,517380.SH,0.8009999999999999,0.805,0.8079999999999999,0.794,0.804,10611600.0,8532538.0
2022-01-17,创新药AH,517380.SH,0.804,0.8079999999999999,0.813,0.8009999999999999,0.8109999999999999,11170500.0,9010336.0
2022-01-18,创新药AH,517380.SH,0.8109999999999999,0.8109999999999999,0.82,0.804,0.807,10814800.0,8816180.0
2022-01-19,创新药AH,517380.SH,0.807,0.802,0.8059999999999999,0.7829999999999999,0.7879999999999999,10321100.0,8154437.0
2022-01-20,创新药AH,517380.SH,0.7879999999999999,0.7879999999999999,0.795,0.7859999999999999,0.7909999999999999,8380800.0,6627809.0
2022-01-21,创新药AH,517380.SH,0.7909999999999999,0.792,0.797,0.78,0.782,8892500.0,6979396.0
2022-01-24,创新药AH,517380.SH,0.782,0.774,0.785,0.774,0.7759999999999999,5671000.0,4419837.0
2022-01-25,创新药AH,517380.SH,0.7759999999999999,0.777,0.777,0.757,0.758,9872100.0,7559583.0
2022-01-26,创新药AH,517380.SH,0.758,0.759,0.759,0.732,0.7340000000000001,10077300.0,7502806.0
2022-01-27,创新药AH,517380.SH,0.7340000000000001,0.736,0.736,0.718,0.7190000000000001,8895700.0,6470778.0
2022-01-28,创新药AH,517380.SH,0.7190000000000001,0.7240000000000001,0.7240000000000001,0.71,0.713,3067000.0,2195229.0
2022-02-07,创新药AH,517380.SH,0.713,0.713,0.74,0.713,0.7340000000000001,8267700.0,6078924.0
2022-02-08,创新药AH,517380.SH,0.7340000000000001,0.726,0.726,0.684,0.7020000000000001,9859100.0,6833103.0
2022-02-09,创新药AH,517380.SH,0.7020000000000001,0.7,0.706,0.6940000000000001,0.706,8543900.0,5987520.0
2022-02-10,创新药AH,517380.SH,0.706,0.703,0.705,0.6859999999999999,0.695,12004800.0,8353840.0
2022-02-11,创新药AH,517380.SH,0.695,0.6859999999999999,0.6859999999999999,0.665,0.67,11401100.0,7681192.0
2022-02-14,创新药AH,517380.SH,0.67,0.672,0.679,0.67,0.6729999999999999,8920100.0,6027231.0
2022-02-15,创新药AH,517380.SH,0.6729999999999999,0.6729999999999999,0.705,0.6729999999999999,0.7040000000000001,12382700.0,8648288.0
2022-02-16,创新药AH,517380.SH,0.7040000000000001,0.706,0.715,0.706,0.7090000000000001,9511300.0,6748937.0
2022-02-17,创新药AH,517380.SH,0.7090000000000001,0.7090000000000001,0.716,0.705,0.7120000000000001,13420500.0,9553643.0
2022-02-18,创新药AH,517380.SH,0.7120000000000001,0.7040000000000001,0.716,0.7040000000000001,0.716,12839700.0,9120495.0
2022-02-21,创新药AH,517380.SH,0.716,0.72,0.72,0.708,0.716,6464200.0,4601742.0
2022-02-22,创新药AH,517380.SH,0.716,0.7120000000000001,0.7120000000000001,0.6940000000000001,0.696,13544600.0,9459945.0
2022-02-23,创新药AH,517380.SH,0.696,0.7,0.7140000000000001,0.7,0.7140000000000001,9289600.0,6581945.0
2022-02-24,创新药AH,517380.SH,0.7140000000000001,0.7190000000000001,0.7190000000000001,0.6920000000000001,0.698,13639400.0,9682681.0
2022-02-25,创新药AH,517380.SH,0.698,0.7070000000000001,0.727,0.7070000000000001,0.723,18899200.0,13647264.0
2022-02-28,创新药AH,517380.SH,0.723,0.721,0.73,0.708,0.715,2445700.0,1747333.0
2022-03-01,创新药AH,517380.SH,0.715,0.716,0.728,0.716,0.725,12922200.0,9358816.0
2022-03-02,创新药AH,517380.SH,0.725,0.715,0.718,0.708,0.7140000000000001,6347800.0,4524890.0
2022-03-03,创新药AH,517380.SH,0.7140000000000001,0.716,0.716,0.706,0.708,3224800.0,2284971.0
2022-03-04,创新药AH,517380.SH,0.708,0.698,0.7140000000000001,0.695,0.7070000000000001,4884300.0,3456396.0
2022-03-07,创新药AH,517380.SH,0.7070000000000001,0.698,0.698,0.6779999999999999,0.6829999999999999,14418800.0,9867424.0
2022-03-08,创新药AH,517380.SH,0.6829999999999999,0.68,0.691,0.6629999999999999,0.6679999999999999,15703300.0,10646876.0
2022-03-09,创新药AH,517380.SH,0.6679999999999999,0.6659999999999999,0.6729999999999999,0.626,0.65,15051100.0,9740685.0
2022-03-10,创新药AH,517380.SH,0.65,0.65,0.6779999999999999,0.65,0.672,15779100.0,10589860.0
2022-03-11,创新药AH,517380.SH,0.672,0.667,0.68,0.6559999999999999,0.68,7594800.0,5057223.0
2022-03-14,创新药AH,517380.SH,0.68,0.679,0.69,0.665,0.6659999999999999,14416700.0,9688763.0
2022-03-15,创新药AH,517380.SH,0.6659999999999999,0.65,0.667,0.632,0.632,9577100.0,6234535.0
2022-03-16,创新药AH,517380.SH,0.632,0.637,0.6759999999999999,0.63,0.67,15998500.0,10263989.0
2022-03-17,创新药AH,517380.SH,0.67,0.67,0.7170000000000001,0.67,0.696,13504800.0,9438761.0
2022-03-18,创新药AH,517380.SH,0.696,0.6970000000000001,0.708,0.685,0.7040000000000001,10154100.0,7083440.0
2022-03-21,创新药AH,517380.SH,0.7040000000000001,0.7090000000000001,0.721,0.703,0.721,20470300.0,14555303.0
2022-03-22,创新药AH,517380.SH,0.721,0.7190000000000001,0.721,0.7070000000000001,0.708,14771700.0,10557962.0
2022-03-23,创新药AH,517380.SH,0.708,0.7090000000000001,0.742,0.708,0.741,20810500.0,15290485.0
2022-03-24,创新药AH,517380.SH,0.741,0.7340000000000001,0.772,0.727,0.764,21641000.0,16110655.0
2022-03-25,创新药AH,517380.SH,0.764,0.758,0.762,0.73,0.73,16918000.0,12607192.0
2022-03-28,创新药AH,517380.SH,0.73,0.72,0.7390000000000001,0.72,0.7390000000000001,16680100.0,12206978.0
2022-03-29,创新药AH,517380.SH,0.7390000000000001,0.733,0.747,0.728,0.741,6421100.0,4713127.0
2022-03-30,创新药AH,517380.SH,0.741,0.746,0.754,0.733,0.7509999999999999,10484500.0,7811393.0
2022-03-31,创新药AH,517380.SH,0.7509999999999999,0.752,0.755,0.738,0.741,9962200.0,7430067.0
2022-04-01,创新药AH,517380.SH,0.741,0.7390000000000001,0.7390000000000001,0.726,0.7340000000000001,11291800.0,8253872.0
2022-04-06,创新药AH,517380.SH,0.7340000000000001,0.732,0.736,0.726,0.7340000000000001,11683100.0,8536462.0
2022-04-07,创新药AH,517380.SH,0.7340000000000001,0.7340000000000001,0.738,0.7190000000000001,0.7190000000000001,7322200.0,5328659.0
2022-04-08,创新药AH,517380.SH,0.7190000000000001,0.716,0.7190000000000001,0.706,0.711,8204200.0,5866232.0
2022-04-11,创新药AH,517380.SH,0.711,0.71,0.71,0.688,0.69,7491100.0,5215878.0
2022-04-12,创新药AH,517380.SH,0.69,0.695,0.7070000000000001,0.6859999999999999,0.7070000000000001,6821200.0,4735375.0
2022-04-13,创新药AH,517380.SH,0.7070000000000001,0.7070000000000001,0.7070000000000001,0.6729999999999999,0.6809999999999999,6045400.0,4115695.0
2022-04-14,创新药AH,517380.SH,0.6809999999999999,0.67,0.693,0.67,0.687,5992000.0,4122050.0
2022-04-15,创新药AH,517380.SH,0.687,0.684,0.7040000000000001,0.684,0.6970000000000001,3328600.0,2312390.0
2022-04-18,创新药AH,517380.SH,0.6970000000000001,0.6970000000000001,0.7,0.6890000000000001,0.698,3858600.0,2667195.0
2022-04-19,创新药AH,517380.SH,0.698,0.688,0.6970000000000001,0.6779999999999999,0.6809999999999999,4310800.0,2959272.0
2022-04-20,创新药AH,517380.SH,0.6809999999999999,0.6829999999999999,0.688,0.6729999999999999,0.684,5500200.0,3736368.0
2022-04-21,创新药AH,517380.SH,0.684,0.679,0.679,0.6559999999999999,0.6559999999999999,5757800.0,3833135.0
2022-04-22,创新药AH,517380.SH,0.6559999999999999,0.66,0.664,0.644,0.6579999999999999,4567300.0,2984762.0
2022-04-25,创新药AH,517380.SH,0.6579999999999999,0.6459999999999999,0.648,0.624,0.628,9673000.0,6112650.0
2022-04-26,创新药AH,517380.SH,0.628,0.63,0.639,0.62,0.629,8215400.0,5209419.0
2022-04-27,创新药AH,517380.SH,0.629,0.621,0.633,0.61,0.632,5094000.0,3170362.0
2022-04-28,创新药AH,517380.SH,0.632,0.63,0.634,0.624,0.632,4444200.0,2787652.0
2022-04-29,创新药AH,517380.SH,0.632,0.633,0.655,0.633,0.652,7245200.0,4643055.0
2022-05-05,创新药AH,517380.SH,0.652,0.657,0.657,0.64,0.649,7575000.0,4904456.0
2022-05-06,创新药AH,517380.SH,0.649,0.64,0.64,0.618,0.623,4889400.0,3047623.0
2022-05-09,创新药AH,517380.SH,0.623,0.623,0.626,0.617,0.625,5739700.0,3572826.0
2022-05-10,创新药AH,517380.SH,0.625,0.62,0.632,0.613,0.63,5061600.0,3169120.0
2022-05-11,创新药AH,517380.SH,0.63,0.633,0.665,0.633,0.648,7743100.0,5077946.0
2022-05-12,创新药AH,517380.SH,0.648,0.643,0.655,0.638,0.65,10252500.0,6625230.0
2022-05-13,创新药AH,517380.SH,0.65,0.6609999999999999,0.6609999999999999,0.652,0.655,8191300.0,5367145.0
2022-05-16,创新药AH,517380.SH,0.655,0.6579999999999999,0.66,0.644,0.645,8656400.0,5603189.0
2022-05-17,创新药AH,517380.SH,0.645,0.648,0.648,0.635,0.6459999999999999,8630000.0,5502735.0
2022-05-18,创新药AH,517380.SH,0.6459999999999999,0.647,0.649,0.635,0.6409999999999999,9353700.0,5977210.0
2022-05-19,创新药AH,517380.SH,0.6409999999999999,0.634,0.643,0.63,0.643,9626200.0,6096602.0
2022-05-20,创新药AH,517380.SH,0.643,0.648,0.6579999999999999,0.647,0.657,5223500.0,3411293.0
2022-05-23,创新药AH,517380.SH,0.657,0.657,0.66,0.6509999999999999,0.654,9751700.0,6368222.0
2022-05-24,创新药AH,517380.SH,0.654,0.654,0.654,0.628,0.632,11159200.0,7078979.0
2022-05-25,创新药AH,517380.SH,0.632,0.627,0.633,0.623,0.629,10777100.0,6770047.0
2022-05-26,创新药AH,517380.SH,0.629,0.63,0.63,0.615,0.619,16612900.0,10285645.0
2022-05-27,创新药AH,517380.SH,0.619,0.622,0.639,0.622,0.629,11736400.0,7444755.0
2022-05-30,创新药AH,517380.SH,0.629,0.627,0.634,0.623,0.631,15613700.0,9829910.0
2022-05-31,创新药AH,517380.SH,0.631,0.629,0.6459999999999999,0.624,0.645,16770200.0,10627463.0
2022-06-01,创新药AH,517380.SH,0.645,0.643,0.645,0.634,0.64,15173700.0,9723236.0
2022-06-02,创新药AH,517380.SH,0.64,0.633,0.633,0.624,0.63,12264600.0,7704695.0
2022-06-06,创新药AH,517380.SH,0.63,0.63,0.6509999999999999,0.63,0.649,14693000.0,9419457.0
2022-06-07,创新药AH,517380.SH,0.649,0.6509999999999999,0.665,0.65,0.664,18227000.0,12027404.0
2022-06-08,创新药AH,517380.SH,0.664,0.665,0.691,0.665,0.684,18520300.0,12643221.0
2022-06-09,创新药AH,517380.SH,0.684,0.677,0.693,0.674,0.674,14209100.0,9713472.0
2022-06-10,创新药AH,517380.SH,0.674,0.67,0.68,0.67,0.679,9787600.0,6598361.0
2022-06-13,创新药AH,517380.SH,0.679,0.6659999999999999,0.6659999999999999,0.6559999999999999,0.6629999999999999,12031100.0,7930108.0
2022-06-14,创新药AH,517380.SH,0.6629999999999999,0.6629999999999999,0.667,0.647,0.667,12033300.0,7897031.0
2022-06-15,创新药AH,517380.SH,0.667,0.6629999999999999,0.675,0.66,0.6659999999999999,14898400.0,9926856.0
2022-06-16,创新药AH,517380.SH,0.6659999999999999,0.667,0.6759999999999999,0.665,0.6659999999999999,11517700.0,7740712.0
2022-06-17,创新药AH,517380.SH,0.6659999999999999,0.6609999999999999,0.679,0.657,0.6779999999999999,14080900.0,9355867.0
2022-06-20,创新药AH,517380.SH,0.6779999999999999,0.6779999999999999,0.6890000000000001,0.6759999999999999,0.682,13881900.0,9472569.0
2022-06-21,创新药AH,517380.SH,0.682,0.6809999999999999,0.693,0.679,0.685,8920200.0,6111709.0
2022-06-22,创新药AH,517380.SH,0.685,0.6829999999999999,0.6940000000000001,0.6779999999999999,0.68,10046900.0,6910912.0
2022-06-23,创新药AH,517380.SH,0.68,0.679,0.6809999999999999,0.669,0.68,14162500.0,9550599.0
2022-06-24,创新药AH,517380.SH,0.68,0.68,0.7120000000000001,0.68,0.711,11353500.0,7981416.0
2022-06-27,创新药AH,517380.SH,0.711,0.711,0.73,0.711,0.7170000000000001,12208400.0,8828380.0
2022-06-28,创新药AH,517380.SH,0.7170000000000001,0.715,0.716,0.7040000000000001,0.716,14785600.0,10513200.0
2022-06-29,创新药AH,517380.SH,0.716,0.716,0.7240000000000001,0.705,0.706,12234400.0,8774591.0
2022-06-30,创新药AH,517380.SH,0.706,0.715,0.731,0.713,0.721,12627300.0,9111757.0
2022-07-01,创新药AH,517380.SH,0.721,0.721,0.73,0.72,0.723,5363400.0,3886011.0
2022-07-04,创新药AH,517380.SH,0.723,0.7240000000000001,0.778,0.7240000000000001,0.777,24087900.0,18187868.0
2022-07-05,创新药AH,517380.SH,0.777,0.78,0.8,0.755,0.78,27935200.0,21590410.0
2022-07-06,创新药AH,517380.SH,0.78,0.7879999999999999,0.7979999999999999,0.764,0.773,15868500.0,12396577.0
2022-07-07,创新药AH,517380.SH,0.773,0.775,0.775,0.7509999999999999,0.762,17169400.0,13031755.0
2022-07-08,创新药AH,517380.SH,0.762,0.759,0.774,0.759,0.763,13520200.0,10394492.0
2022-07-11,创新药AH,517380.SH,0.763,0.763,0.767,0.752,0.758,10420000.0,7894803.0
2022-07-12,创新药AH,517380.SH,0.758,0.762,0.762,0.736,0.737,11944200.0,8878696.0
2022-07-13,创新药AH,517380.SH,0.737,0.736,0.743,0.7290000000000001,0.736,8503400.0,6230399.0
2022-07-14,创新药AH,517380.SH,0.736,0.741,0.758,0.7390000000000001,0.753,11139000.0,8380943.0
2022-07-15,创新药AH,517380.SH,0.753,0.75,0.752,0.7340000000000001,0.737,11447900.0,8532055.0
2022-07-18,创新药AH,517380.SH,0.737,0.737,0.7390000000000001,0.7070000000000001,0.732,8669600.0,6224875.0
2022-07-19,创新药AH,517380.SH,0.732,0.732,0.735,0.7170000000000001,0.722,8387800.0,6082796.0
2022-07-20,创新药AH,517380.SH,0.722,0.732,0.742,0.728,0.736,11792200.0,8646968.0
2022-07-21,创新药AH,517380.SH,0.736,0.73,0.738,0.728,0.736,9840000.0,7222792.0
2022-07-22,创新药AH,517380.SH,0.736,0.723,0.742,0.662,0.728,9160200.0,6668273.0
2022-07-25,创新药AH,517380.SH,0.728,0.728,0.728,0.7140000000000001,0.7170000000000001,9413600.0,6753238.0
2022-07-26,创新药AH,517380.SH,0.7170000000000001,0.722,0.7240000000000001,0.71,0.716,2492600.0,1784904.0
2022-07-27,创新药AH,517380.SH,0.716,0.716,0.716,0.7,0.7,11644900.0,8209190.0
2022-07-28,创新药AH,517380.SH,0.7,0.703,0.7070000000000001,0.698,0.703,9623000.0,6744043.0
2022-07-29,创新药AH,517380.SH,0.703,0.7,0.7,0.679,0.6809999999999999,10875000.0,7465305.0
2022-08-01,创新药AH,517380.SH,0.6809999999999999,0.6809999999999999,0.6829999999999999,0.6729999999999999,0.6829999999999999,8284300.0,5629828.0
2022-08-02,创新药AH,517380.SH,0.6829999999999999,0.6779999999999999,0.6779999999999999,0.653,0.6579999999999999,12623400.0,8337595.0
2022-08-03,创新药AH,517380.SH,0.6579999999999999,0.66,0.667,0.655,0.6559999999999999,15240200.0,10070142.0
2022-08-04,创新药AH,517380.SH,0.6559999999999999,0.6609999999999999,0.677,0.6609999999999999,0.6759999999999999,12468500.0,8381642.0
2022-08-05,创新药AH,517380.SH,0.6759999999999999,0.6779999999999999,0.6940000000000001,0.6779999999999999,0.69,12592800.0,8686441.0
2022-08-08,创新药AH,517380.SH,0.69,0.6890000000000001,0.6970000000000001,0.684,0.6859999999999999,5617100.0,3864027.0
2022-08-09,创新药AH,517380.SH,0.6859999999999999,0.6829999999999999,0.685,0.6779999999999999,0.685,9767000.0,6648798.0
2022-08-10,创新药AH,517380.SH,0.685,0.6809999999999999,0.6809999999999999,0.664,0.6659999999999999,12002700.0,8038469.0
2022-08-11,创新药AH,517380.SH,0.6659999999999999,0.6709999999999999,0.687,0.669,0.685,9022300.0,6146513.0
2022-08-12,创新药AH,517380.SH,0.685,0.684,0.6890000000000001,0.6779999999999999,0.6859999999999999,11167900.0,7641344.0
2022-08-15,创新药AH,517380.SH,0.6859999999999999,0.672,0.6859999999999999,0.672,0.682,2917700.0,1987893.0
2022-08-16,创新药AH,517380.SH,0.682,0.677,0.682,0.6709999999999999,0.674,3511000.0,2367930.0
2022-08-17,创新药AH,517380.SH,0.674,0.675,0.68,0.67,0.677,11499300.0,7776070.0
2022-08-18,创新药AH,517380.SH,0.677,0.675,0.6759999999999999,0.6679999999999999,0.6729999999999999,5286300.0,3551380.0
2022-08-19,创新药AH,517380.SH,0.6729999999999999,0.6679999999999999,0.67,0.664,0.665,11424300.0,7610934.0
2022-08-22,创新药AH,517380.SH,0.665,0.66,0.669,0.654,0.665,8369400.0,5530486.0
2022-08-23,创新药AH,517380.SH,0.665,0.665,0.6659999999999999,0.653,0.657,10726600.0,7041919.0
2022-08-24,创新药AH,517380.SH,0.657,0.6509999999999999,0.662,0.642,0.642,15514900.0,10089566.0
2022-08-25,创新药AH,517380.SH,0.642,0.6459999999999999,0.654,0.64,0.653,9460100.0,6088978.0
2022-08-26,创新药AH,517380.SH,0.653,0.653,0.669,0.653,0.66,12188900.0,8087826.0
2022-08-29,创新药AH,517380.SH,0.66,0.653,0.657,0.65,0.655,9355300.0,6114270.0
2022-08-30,创新药AH,517380.SH,0.655,0.652,0.653,0.642,0.6509999999999999,11790300.0,7614328.0
2022-08-31,创新药AH,517380.SH,0.6509999999999999,0.6509999999999999,0.6629999999999999,0.645,0.659,9643400.0,6264922.0
2022-09-01,创新药AH,517380.SH,0.659,0.654,0.6609999999999999,0.6509999999999999,0.6509999999999999,14127100.0,9290094.0
2022-09-02,创新药AH,517380.SH,0.6509999999999999,0.652,0.659,0.6409999999999999,0.647,10450800.0,6810786.0
2022-09-05,创新药AH,517380.SH,0.647,0.643,0.644,0.631,0.633,15307600.0,9730124.0
2022-09-06,创新药AH,517380.SH,0.633,0.635,0.638,0.632,0.638,10480000.0,6648691.0
2022-09-07,创新药AH,517380.SH,0.638,0.633,0.636,0.628,0.636,16637600.0,10501943.0
2022-09-08,创新药AH,517380.SH,0.636,0.637,0.637,0.629,0.629,9317800.0,5890964.0
2022-09-09,创新药AH,517380.SH,0.629,0.635,0.643,0.633,0.643,5325300.0,3414797.0
2022-09-13,创新药AH,517380.SH,0.643,0.643,0.643,0.609,0.609,30434600.0,18726607.0
2022-09-14,创新药AH,517380.SH,0.609,0.595,0.603,0.595,0.601,12982300.0,7782742.0
2022-09-15,创新药AH,517380.SH,0.601,0.605,0.619,0.602,0.606,13280700.0,8144827.0
2022-09-16,创新药AH,517380.SH,0.606,0.606,0.606,0.589,0.59,16155500.0,9643420.0
2022-09-19,创新药AH,517380.SH,0.59,0.59,0.59,0.574,0.5770000000000001,18700200.0,10841372.0
2022-09-20,创新药AH,517380.SH,0.5770000000000001,0.579,0.58,0.5710000000000001,0.578,11549200.0,6648792.0
2022-09-21,创新药AH,517380.SH,0.578,0.578,0.578,0.5660000000000001,0.57,14552400.0,8293719.0
2022-09-22,创新药AH,517380.SH,0.57,0.565,0.5660000000000001,0.5589999999999999,0.56,13414000.0,7536058.0
2022-09-23,创新药AH,517380.SH,0.56,0.56,0.562,0.551,0.556,13644600.0,7603214.0
2022-09-26,创新药AH,517380.SH,0.556,0.556,0.564,0.5539999999999999,0.556,11304900.0,6313854.0
2022-09-27,创新药AH,517380.SH,0.556,0.556,0.574,0.552,0.574,13729800.0,7683098.0
2022-09-28,创新药AH,517380.SH,0.574,0.569,0.579,0.5660000000000001,0.568,17880700.0,10238179.0
2022-09-29,创新药AH,517380.SH,0.568,0.568,0.585,0.568,0.5710000000000001,18424400.0,10620437.0
2022-09-30,创新药AH,517380.SH,0.5710000000000001,0.5720000000000001,0.578,0.565,0.568,13619200.0,7806481.0
2022-10-10,创新药AH,517380.SH,0.568,0.569,0.573,0.5529999999999999,0.5539999999999999,15252400.0,8675571.0
2022-10-11,创新药AH,517380.SH,0.5539999999999999,0.555,0.556,0.547,0.5529999999999999,13602800.0,7523819.0
2022-10-12,创新药AH,517380.SH,0.5529999999999999,0.5489999999999999,0.557,0.536,0.556,18167000.0,9878070.0
2022-10-13,创新药AH,517380.SH,0.556,0.5539999999999999,0.578,0.5539999999999999,0.569,15454600.0,8829555.0
2022-10-14,创新药AH,517380.SH,0.569,0.573,0.622,0.573,0.613,23381800.0,14145593.0
2022-10-17,创新药AH,517380.SH,0.613,0.614,0.624,0.607,0.614,11807000.0,7297498.0
2022-10-18,创新药AH,517380.SH,0.614,0.619,0.629,0.61,0.624,13410800.0,8262267.0
2022-10-19,创新药AH,517380.SH,0.624,0.626,0.626,0.61,0.615,15304400.0,9403401.0
2022-10-20,创新药AH,517380.SH,0.615,0.611,0.624,0.608,0.614,10981600.0,6754205.0
2022-10-21,创新药AH,517380.SH,0.614,0.61,0.616,0.603,0.612,12317800.0,7509050.0
2022-10-24,创新药AH,517380.SH,0.612,0.612,0.616,0.5820000000000001,0.586,16262100.0,9827304.0
2022-10-25,创新药AH,517380.SH,0.586,0.586,0.5920000000000001,0.574,0.586,12361700.0,7184410.0
2022-10-26,创新药AH,517380.SH,0.586,0.586,0.621,0.586,0.614,24600600.0,14914200.0
2022-10-27,创新药AH,517380.SH,0.614,0.612,0.622,0.61,0.616,13787300.0,8509523.0
2022-10-28,创新药AH,517380.SH,0.616,0.613,0.625,0.605,0.606,13039500.0,7998462.0
2022-10-31,创新药AH,517380.SH,0.606,0.6,0.612,0.59,0.604,9774900.0,5905135.0
2022-11-01,创新药AH,517380.SH,0.604,0.61,0.636,0.606,0.633,17499500.0,10809229.0
2022-11-02,创新药AH,517380.SH,0.633,0.635,0.6729999999999999,0.631,0.6559999999999999,20473300.0,13364974.0
2022-11-03,创新药AH,517380.SH,0.6559999999999999,0.65,0.655,0.638,0.648,10423700.0,6731408.0
2022-11-04,创新药AH,517380.SH,0.648,0.648,0.68,0.648,0.6659999999999999,8932500.0,5977103.0
2022-11-07,创新药AH,517380.SH,0.6659999999999999,0.6659999999999999,0.6779999999999999,0.662,0.677,10558100.0,7081601.0
2022-11-08,创新药AH,517380.SH,0.677,0.669,0.6729999999999999,0.6629999999999999,0.667,13709600.0,9131458.0
2022-11-09,创新药AH,517380.SH,0.667,0.6679999999999999,0.6779999999999999,0.6629999999999999,0.664,6410400.0,4283371.0
2022-11-10,创新药AH,517380.SH,0.664,0.659,0.67,0.655,0.6609999999999999,7312900.0,4880355.0
2022-11-11,创新药AH,517380.SH,0.6609999999999999,0.67,0.7040000000000001,0.67,0.677,19413600.0,13385751.0
2022-11-14,创新药AH,517380.SH,0.677,0.677,0.6990000000000001,0.66,0.6920000000000001,16731900.0,11560591.0
2022-11-15,创新药AH,517380.SH,0.6920000000000001,0.6920000000000001,0.701,0.68,0.6990000000000001,12725800.0,8813977.0
2022-11-16,创新药AH,517380.SH,0.6990000000000001,0.6990000000000001,0.716,0.695,0.6990000000000001,12426000.0,8800065.0
2022-11-17,创新药AH,517380.SH,0.6990000000000001,0.6990000000000001,0.705,0.69,0.703,8987200.0,6251773.0
2022-11-18,创新药AH,517380.SH,0.703,0.698,0.7170000000000001,0.698,0.708,11869700.0,8455377.0
2022-11-21,创新药AH,517380.SH,0.708,0.703,0.7070000000000001,0.69,0.7070000000000001,10760800.0,7550239.0
2022-11-22,创新药AH,517380.SH,0.7070000000000001,0.7070000000000001,0.7140000000000001,0.68,0.6829999999999999,8641700.0,5990881.0
2022-11-23,创新药AH,517380.SH,0.6829999999999999,0.6709999999999999,0.688,0.66,0.6679999999999999,10286500.0,6880957.0
2022-11-24,创新药AH,517380.SH,0.6679999999999999,0.6659999999999999,0.6809999999999999,0.6659999999999999,0.677,8300500.0,5603680.0
2022-11-25,创新药AH,517380.SH,0.677,0.677,0.677,0.66,0.672,11740000.0,7830871.0
2022-11-28,创新药AH,517380.SH,0.672,0.6659999999999999,0.6659999999999999,0.6509999999999999,0.665,13091200.0,8613201.0
2022-11-29,创新药AH,517380.SH,0.665,0.6659999999999999,0.682,0.6659999999999999,0.682,11363600.0,7694233.0
2022-11-30,创新药AH,517380.SH,0.682,0.675,0.6809999999999999,0.672,0.6779999999999999,10736200.0,7274994.0
2022-12-01,创新药AH,517380.SH,0.6779999999999999,0.6829999999999999,0.688,0.6679999999999999,0.677,11953600.0,8116814.0
2022-12-02,创新药AH,517380.SH,0.677,0.6729999999999999,0.6809999999999999,0.6709999999999999,0.6729999999999999,8630800.0,5835556.0
2022-12-05,创新药AH,517380.SH,0.6729999999999999,0.6729999999999999,0.685,0.672,0.6779999999999999,9530200.0,6442706.0
2022-12-06,创新药AH,517380.SH,0.6779999999999999,0.6779999999999999,0.684,0.6629999999999999,0.6659999999999999,11613200.0,7846884.0
2022-12-07,创新药AH,517380.SH,0.6659999999999999,0.6659999999999999,0.682,0.662,0.675,13632000.0,9221149.0
2022-12-08,创新药AH,517380.SH,0.675,0.6709999999999999,0.6809999999999999,0.67,0.6779999999999999,8737800.0,5912645.0
2022-12-09,创新药AH,517380.SH,0.6779999999999999,0.677,0.685,0.674,0.679,9213400.0,6261425.0
2022-12-12,创新药AH,517380.SH,0.679,0.6829999999999999,0.688,0.677,0.68,8898600.0,6076339.0
2022-12-13,创新药AH,517380.SH,0.68,0.68,0.68,0.665,0.6709999999999999,9725500.0,6526518.0
2022-12-14,创新药AH,517380.SH,0.671,0.676,0.678,0.669,0.673,9225400.0,6201957.0
2022-12-15,创新药AH,517380.SH,0.673,0.673,0.673,0.662,0.665,9256200.0,6145411.0
2022-12-16,创新药AH,517380.SH,0.665,0.666,0.678,0.665,0.676,9594800.0,6448910.0
2022-12-19,创新药AH,517380.SH,0.676,0.676,0.676,0.646,0.648,10921000.0,7129453.0
2022-12-20,创新药AH,517380.SH,0.648,0.648,0.648,0.636,0.639,10088200.0,6454982.0
2022-12-21,创新药AH,517380.SH,0.639,0.635,0.649,0.633,0.643,9292700.0,5976882.0
2022-12-22,创新药AH,517380.SH,0.643,0.643,0.658,0.642,0.647,10398700.0,6772922.0
2022-12-23,创新药AH,517380.SH,0.647,0.644,0.656,0.644,0.654,12422400.0,8089202.0
2022-12-26,创新药AH,517380.SH,0.654,0.661,0.661,0.644,0.655,6914500.0,4530721.0
2022-12-27,创新药AH,517380.SH,0.655,0.655,0.674,0.642,0.655,5023200.0,3279993.0
2022-12-28,创新药AH,517380.SH,0.655,0.66,0.678,0.66,0.677,14817800.0,9935380.0
2022-12-29,创新药AH,517380.SH,0.677,0.677,0.693,0.668,0.689,10074500.0,6901496.0
2022-12-30,创新药AH,517380.SH,0.689,0.675,0.693,0.675,0.685,10084900.0,6942750.0
2023-01-03,创新药AH,517380.SH,0.685,0.685,0.697,0.681,0.695,7575300.0,5232933.0
2023-01-04,创新药AH,517380.SH,0.695,0.696,0.706,0.696,0.704,10542900.0,7388462.0
2023-01-05,创新药AH,517380.SH,0.704,0.703,0.725,0.703,0.721,14442100.0,10414796.0
2023-01-06,创新药AH,517380.SH,0.721,0.721,0.721,0.7,0.712,9492300.0,6781528.0
2023-01-09,创新药AH,517380.SH,0.712,0.727,0.727,0.715,0.721,9609200.0,6889026.0
2023-01-10,创新药AH,517380.SH,0.721,0.721,0.724,0.713,0.718,10406700.0,7482202.0
2023-01-11,创新药AH,517380.SH,0.718,0.718,0.734,0.718,0.726,11528000.0,8422357.0
2023-01-12,创新药AH,517380.SH,0.726,0.728,0.733,0.717,0.719,13338700.0,9685589.0
2023-01-13,创新药AH,517380.SH,0.719,0.715,0.741,0.715,0.739,14441500.0,10550325.0
2023-01-16,创新药AH,517380.SH,0.739,0.742,0.776,0.742,0.761,14404800.0,10956367.0
2023-01-17,创新药AH,517380.SH,0.761,0.761,0.761,0.741,0.745,10004700.0,7474585.0
2023-01-18,创新药AH,517380.SH,0.745,0.742,0.745,0.737,0.741,6800400.0,5034529.0
2023-01-19,创新药AH,517380.SH,0.741,0.738,0.767,0.737,0.758,10187500.0,7686263.0
2023-01-20,创新药AH,517380.SH,0.758,0.756,0.768,0.756,0.761,8125000.0,6192518.0
2023-01-30,创新药AH,517380.SH,0.761,0.779,0.779,0.747,0.749,9301600.0,7004557.0
2023-01-31,创新药AH,517380.SH,0.749,0.75,0.75,0.725,0.726,8551300.0,6261170.0
2023-02-01,创新药AH,517380.SH,0.726,0.728,0.739,0.725,0.738,9685700.0,7076665.0
2023-02-02,创新药AH,517380.SH,0.738,0.74,0.759,0.736,0.749,9433100.0,7085422.0
2023-02-03,创新药AH,517380.SH,0.749,0.749,0.751,0.735,0.742,8304300.0,6174016.0
2023-02-06,创新药AH,517380.SH,0.742,0.741,0.741,0.716,0.724,11563600.0,8350597.0
2023-02-07,创新药AH,517380.SH,0.724,0.721,0.73,0.715,0.72,7726700.0,5583489.0
2023-02-08,创新药AH,517380.SH,0.72,0.72,0.732,0.72,0.726,8788400.0,6400365.0
2023-02-09,创新药AH,517380.SH,0.726,0.731,0.731,0.722,0.728,11173900.0,8107109.0
2023-02-10,创新药AH,517380.SH,0.728,0.729,0.733,0.714,0.722,8347600.0,6013576.0
2023-02-13,创新药AH,517380.SH,0.722,0.722,0.735,0.722,0.727,11867400.0,8614800.0
2023-02-14,创新药AH,517380.SH,0.727,0.727,0.734,0.717,0.723,8672800.0,6247927.0
2023-02-15,创新药AH,517380.SH,0.723,0.718,0.723,0.709,0.711,10746100.0,7649545.0
2023-02-16,创新药AH,517380.SH,0.711,0.724,0.725,0.696,0.704,9612700.0,6819821.0
2023-02-17,创新药AH,517380.SH,0.704,0.694,0.712,0.694,0.704,6967300.0,4907548.0
2023-02-20,创新药AH,517380.SH,0.704,0.7,0.712,0.694,0.711,7146200.0,5040308.0
2023-02-21,创新药AH,517380.SH,0.711,0.712,0.713,0.702,0.705,7044600.0,4983218.0
2023-02-22,创新药AH,517380.SH,0.705,0.702,0.707,0.697,0.698,9781700.0,6844520.0
2023-02-23,创新药AH,517380.SH,0.698,0.697,0.706,0.692,0.694,7251900.0,5051779.0
2023-02-24,创新药AH,517380.SH,0.694,0.693,0.694,0.686,0.688,8579400.0,5911735.0
2023-02-27,创新药AH,517380.SH,0.688,0.686,0.69,0.681,0.69,8108200.0,5552514.0
2023-02-28,创新药AH,517380.SH,0.69,0.696,0.696,0.685,0.693,9707200.0,6692406.0
2023-03-01,创新药AH,517380.SH,0.693,0.691,0.699,0.682,0.697,5173700.0,3591793.0
2023-03-02,创新药AH,517380.SH,0.697,0.703,0.703,0.691,0.693,7824600.0,5427156.0
2023-03-03,创新药AH,517380.SH,0.693,0.698,0.703,0.692,0.695,9958600.0,6930917.0
2023-03-06,创新药AH,517380.SH,0.695,0.696,0.697,0.69,0.693,11509000.0,7982620.0
2023-03-07,创新药AH,517380.SH,0.693,0.691,0.698,0.678,0.68,12570200.0,8655509.0
2023-03-08,创新药AH,517380.SH,0.68,0.685,0.694,0.666,0.668,18132700.0,12215547.0
2023-03-09,创新药AH,517380.SH,0.668,0.67,0.673,0.666,0.669,12712600.0,8524102.0
2023-03-10,创新药AH,517380.SH,0.669,0.663,0.674,0.655,0.668,13082800.0,8637096.0
2023-03-13,创新药AH,517380.SH,0.668,0.659,0.679,0.656,0.66,19477600.0,12843735.0
2023-03-14,创新药AH,517380.SH,0.66,0.658,0.669,0.652,0.656,12872100.0,8525153.0
2023-03-15,创新药AH,517380.SH,0.656,0.658,0.67,0.658,0.663,10593600.0,7056378.0
2023-03-16,创新药AH,517380.SH,0.663,0.66,0.665,0.655,0.657,16840900.0,11076139.0
2023-03-17,创新药AH,517380.SH,0.657,0.668,0.668,0.643,0.645,25781700.0,16762272.0
2023-03-20,创新药AH,517380.SH,0.645,0.65,0.659,0.629,0.631,20097800.0,12731212.0
2023-03-21,创新药AH,517380.SH,0.631,0.629,0.662,0.629,0.662,24232400.0,15651918.0
2023-03-22,创新药AH,517380.SH,0.662,0.665,0.671,0.661,0.666,11221900.0,7481679.0
2023-03-23,创新药AH,517380.SH,0.666,0.664,0.665,0.654,0.665,12732500.0,8399175.0
2023-03-24,创新药AH,517380.SH,0.665,0.665,0.672,0.647,0.647,28738100.0,18881071.0
2023-03-27,创新药AH,517380.SH,0.647,0.647,0.663,0.641,0.659,12984400.0,8516831.0
2023-03-28,创新药AH,517380.SH,0.659,0.659,0.659,0.652,0.654,10642000.0,6976064.0
2023-03-29,创新药AH,517380.SH,0.654,0.655,0.659,0.645,0.648,11368300.0,7378523.0
2023-03-30,创新药AH,517380.SH,0.648,0.652,0.653,0.645,0.653,9246900.0,6017853.0
2023-03-31,创新药AH,517380.SH,0.653,0.652,0.652,0.644,0.648,13160500.0,8511633.0
2023-04-03,创新药AH,517380.SH,0.648,0.643,0.65,0.636,0.638,16859500.0,10760667.0
2023-04-04,创新药AH,517380.SH,0.638,0.636,0.643,0.63,0.641,18980500.0,12016466.0
2023-04-06,创新药AH,517380.SH,0.641,0.642,0.651,0.637,0.651,16957200.0,10948588.0
2023-04-07,创新药AH,517380.SH,0.651,0.651,0.671,0.651,0.671,15430700.0,10234716.0
2023-04-10,创新药AH,517380.SH,0.671,0.671,0.693,0.67,0.686,15438200.0,10492611.0
2023-04-11,创新药AH,517380.SH,0.686,0.686,0.69,0.672,0.678,14568600.0,9852515.0
2023-04-12,创新药AH,517380.SH,0.678,0.688,0.688,0.673,0.676,6605000.0,4478781.0
2023-04-13,创新药AH,517380.SH,0.676,0.67,0.696,0.667,0.696,17742000.0,12225342.0
2023-04-14,创新药AH,517380.SH,0.696,0.708,0.714,0.696,0.701,33725800.0,23737763.0
2023-04-17,创新药AH,517380.SH,0.701,0.7,0.708,0.693,0.703,11162100.0,7837454.0
2023-04-18,创新药AH,517380.SH,0.703,0.703,0.703,0.691,0.694,13010000.0,9028215.0
2023-04-19,创新药AH,517380.SH,0.694,0.694,0.694,0.681,0.684,20809900.0,14294466.0
2023-04-20,创新药AH,517380.SH,0.684,0.684,0.688,0.669,0.673,10062400.0,6800723.0
2023-04-21,创新药AH,517380.SH,0.673,0.672,0.682,0.666,0.667,8055600.0,5410657.0
2023-04-24,创新药AH,517380.SH,0.667,0.671,0.681,0.661,0.663,13911200.0,9329430.0
2023-04-25,创新药AH,517380.SH,0.663,0.663,0.684,0.632,0.639,14416400.0,9233406.0
2023-04-26,创新药AH,517380.SH,0.639,0.645,0.645,0.632,0.64,22382900.0,14313464.0
2023-04-27,创新药AH,517380.SH,0.64,0.642,0.653,0.637,0.647,21760000.0,14037361.0
2023-04-28,创新药AH,517380.SH,0.647,0.647,0.655,0.641,0.654,17142800.0,11126714.0
2023-05-04,创新药AH,517380.SH,0.654,0.65,0.661,0.65,0.656,8964900.0,5890754.0
2023-05-05,创新药AH,517380.SH,0.656,0.656,0.657,0.642,0.644,8207900.0,5290229.0
2023-05-08,创新药AH,517380.SH,0.644,0.639,0.648,0.635,0.642,11474100.0,7330992.0
2023-05-09,创新药AH,517380.SH,0.642,0.641,0.641,0.626,0.629,15353000.0,9685909.0
2023-05-10,创新药AH,517380.SH,0.629,0.629,0.632,0.623,0.631,9150500.0,5750028.0
2023-05-11,创新药AH,517380.SH,0.631,0.636,0.641,0.628,0.63,6750200.0,4274068.0
2023-05-12,创新药AH,517380.SH,0.63,0.632,0.632,0.623,0.623,4644600.0,2906292.0
2023-05-15,创新药AH,517380.SH,0.623,0.621,0.637,0.621,0.636,8158400.0,5124182.0
2023-05-16,创新药AH,517380.SH,0.636,0.638,0.646,0.637,0.641,5438600.0,3493641.0
2023-05-17,创新药AH,517380.SH,0.641,0.644,0.644,0.633,0.636,3896800.0,2487447.0
2023-05-18,创新药AH,517380.SH,0.636,0.636,0.636,0.626,0.629,4058300.0,2560689.0
2023-05-19,创新药AH,517380.SH,0.629,0.629,0.638,0.613,0.633,5894800.0,3723720.0
2023-05-22,创新药AH,517380.SH,0.633,0.633,0.644,0.633,0.64,9341500.0,5960636.0
2023-05-23,创新药AH,517380.SH,0.64,0.643,0.654,0.642,0.642,5169300.0,3345859.0
2023-05-24,创新药AH,517380.SH,0.642,0.642,0.648,0.631,0.635,5222900.0,3316628.0
2023-05-25,创新药AH,517380.SH,0.635,0.642,0.642,0.623,0.627,12765200.0,7992916.0
2023-05-26,创新药AH,517380.SH,0.627,0.627,0.633,0.627,0.63,6835100.0,4309645.0
2023-05-29,创新药AH,517380.SH,0.63,0.63,0.633,0.621,0.63,11179500.0,6976361.0
2023-05-30,创新药AH,517380.SH,0.63,0.632,0.632,0.612,0.622,15012400.0,9292102.0
2023-05-31,创新药AH,517380.SH,0.622,0.62,0.625,0.608,0.61,12464800.0,7620984.0
2023-06-01,创新药AH,517380.SH,0.61,0.611,0.622,0.608,0.614,6660700.0,4101161.0
2023-06-02,创新药AH,517380.SH,0.614,0.616,0.622,0.615,0.622,11649800.0,7227997.0
2023-06-05,创新药AH,517380.SH,0.622,0.625,0.625,0.614,0.617,9830400.0,6067890.0
2023-06-06,创新药AH,517380.SH,0.617,0.616,0.616,0.604,0.605,11795500.0,7210958.0
2023-06-07,创新药AH,517380.SH,0.605,0.605,0.614,0.604,0.606,3842600.0,2329448.0
2023-06-08,创新药AH,517380.SH,0.606,0.605,0.608,0.598,0.605,9130000.0,5518981.0
